--- Session started : 2021-08-15-152758
Algorithm being used is 'None'

Test Record    Best Match     Similarity  Predicted   Calculated  
Number         Record         Measure     Outcome     Outcome     
0              273                 1          0          0     
1              212                 1          1          1     
2              257                 1          1          1     
3              139                 1          0          0     
4              255                 1          0          0     
5              119                 1          0          0     
6              237                 1          0          0     
7              278                 1          0          0     
8              134                 1          1          1     
9              168                 1          1          1     
10             94                  1          1          1     
11             0                   1          0          0     
12             17                  1          0          0     
13             37                  1          1          0     
14             119                 1          0          0     
15             117                 1          1          1     
16             73                  1          0          0     
17             24                  1          0          0     
18             44                  1          0          0     
19             46                  1          1          1     
20             16                  1          0          0     
21             107                 1          1          1     
22             379                 1          0          1     
23             121                 1          1          1     
24             205                 1          1          0     
25             168                 1          1          1     
26             50                  1          1          0     
27             165                 1          0          0     
28             89                  1          1          1     
29             210                 1          0          0     
30             108                 1          1          0     
31             318                 1          0          0     
32             223                 1          0          0     
33             274                 1          1          0     
34             89                  1          1          1     
35             220                 1          0          0     
36             41                  1          0          0     
37             329                 1          0          1     
38             257                 1          1          1     
39             313                 1          0          0     
40             246                 1          1          1     
41             202                 1          0          0     
42             286                 1          0          0     
43             188                 1          0          0     
44             368                 1          0          0     
45             189                 1          0          0     
46             326                 1          1          0     
47             264                 1          0          0     
48             180                 1          0          0     
49             360                 1          0          0     
50             75                  1          1          0     
51             213                 1          1          1     
52             169                 1          0          1     
53             138                 1          0          0     
54             167                 1          0          0     
55             158                 1          1          1     
56             327                 1          0          1     
57             310                 1          0          0     
58             311                 1          0          0     
59             332                 1          0          0     
60             237                 1          0          0     
61             158                 1          1          1     
62             202                 1          1          0     
63             184                 1          0          1     
64             84                  1          0          0     
65             58                  1          0          0     
66             232                 1          1          0     
67             144                 1          0          0     
68             278                 1          0          0     
69             310                 1          0          0     
70             191                 1          0          0     
71             164                 1          0          0     
72             109                 1          1          1     
73             56                  1          0          0     
74             327                 1          0          1     
75             364                 1          0          0     
76             252                 1          0          0     
77             209                 1          1          1     
78             295                 1          0          0     
79             17                  1          0          0     
80             85                  1          0          1     
81             275                 1          0          0     
82             141                 1          1          1     
83             299                 1          0          0     
84             206                 1          0          0     
85             110                 1          0          1     
86             224                 1          0          0     
87             383                 1          0          0     
88             232                 1          1          0     
89             23                  1          0          0     
90             14                  1          0          0     
91             217                 1          1          1     
92             271                 1          0          0     
93             162                 1          0          0     
94             343                 1          1          0     
95             127                 1          1          1     
96             353                 1          1          0     
97             157                 1          1          0     
98             240                 1          0          0     
99             89                  1          0          1     
100            172                 1          0          0     
101            357                 1          1          1     
102            62                  1          1          1     
103            232                 1          0          0     
104            197                 1          0          0     
105            9                   1          1          1     
106            284                 1          1          1     
107            351                 1          1          0     
108            350                 1          1          1     
109            170                 1          0          0     
110            130                 1          1          1     
111            197                 1          0          0     
112            206                 1          0          0     
113            224                 1          0          0     
114            379                 1          1          1     
115            359                 1          0          1     
116            84                  1          0          0     
117            228                 1          0          0     
118            233                 1          0          0     
119            108                 1          0          0     
120            205                 1          0          0     
121            237                 1          0          0     
122            237                 1          0          0     
123            171                 1          0          0     
124            378                 1          1          1     
125            263                 1          0          0     
126            91                  1          0          0     
127            250                 1          0          0     
128            103                 1          0          1     
129            332                 1          0          0     
130            32                  1          1          0     
131            326                 1          1          0     
132            48                  1          1          0     
133            134                 1          1          1     
134            154                 1          1          1     
135            267                 1          1          1     
136            151                 1          1          1     
137            48                  1          1          0     
138            131                 1          0          0     
139            267                 1          1          1     
140            181                 1          1          1     
141            355                 1          0          0     
142            100                 1          1          0     
143            55                  1          1          1     
144            29                  1          0          0     
145            124                 1          0          0     
146            294                 1          0          0     
147            239                 1          1          0     
148            144                 1          0          0     
149            263                 1          0          0     
150            367                 1          1          0     
151            141                 1          0          1     
152            134                 1          0          1     
153            344                 1          1          1     
154            325                 1          0          0     
155            373                 1          0          0     
156            37                  1          0          0     
157            205                 1          0          0     
158            205                 1          0          0     
159            104                 1          1          1     
160            116                 1          0          0     
161            325                 1          0          0     
162            236                 1          0          0     
163            147                 1          0          0     
164            215                 1          0          0     
165            61                  1          0          0     
166            235                 1          0          0     
167            203                 1          0          0     
168            92                  1          1          1     
169            55                  1          0          1     
170            232                 1          1          0     
171            72                  1          0          0     
172            355                 1          1          0     
173            181                 1          0          1     
174            191                 1          0          0     
175            222                 1          1          1     
176            70                  1          0          0     
177            102                 1          0          0     
178            312                 1          0          0     
179            318                 1          0          0     
180            26                  1          1          1     
181            103                 1          1          1     
182            292                 1          1          0     
183            146                 1          1          1     
184            138                 1          0          0     
185            49                  1          1          1     
186            188                 1          0          0     
187            188                 1          0          0     
188            256                 1          1          0     
189            196                 1          0          0     
190            187                 1          1          1     
191            237                 1          0          0     
192            31                  1          0          0     
193            145                 1          0          1     
194            69                  1          0          0     
195            104                 1          1          1     
196            95                  1          0          0     
197            6                   1          1          1     
198            304                 1          0          0     
199            294                 1          1          0     
200            349                 1          0          0     
201            367                 1          1          0     
202            132                 1          0          0     
203            271                 1          0          0     
204            141                 1          0          1     
205            26                  1          1          1     
206            42                  1          0          0     
207            145                 1          0          1     
208            220                 1          0          0     
209            76                  1          0          0     
210            362                 1          1          0     
211            53                  1          0          0     
212            276                 1          0          0     
213            184                 1          1          1     
214            21                  1          1          1     
215            274                 1          0          0     
216            100                 1          0          0     
217            373                 1          0          0     
218            102                 1          0          0     
219            328                 1          1          0     
220            307                 1          1          0     
221            225                 1          0          1     
222            31                  1          0          0     
223            61                  1          0          0     
224            67                  1          0          0     
225            209                 1          0          1     
226            103                 1          1          1     
227            26                  1          1          1     
228            101                 1          0          0     
229            258                 1          0          0     
230            326                 1          1          0     
231            124                 1          0          0     
232            151                 1          0          1     
233            225                 1          0          1     
234            86                  1          0          0     
235            165                 1          0          0     
236            23                  1          0          0     
237            369                 1          1          1     
238            206                 1          0          0     
239            126                 1          0          0     
240            278                 1          0          0     
241            140                 1          0          0     
242            359                 1          1          1     
243            274                 1          1          0     
244            263                 1          0          0     
245            230                 1          0          0     
246            104                 1          1          1     
247            184                 1          1          1     
248            217                 1          1          1     
249            202                 1          0          0     
250            84                  1          0          0     
251            366                 1          0          0     
252            346                 1          1          1     
253            348                 1          0          0     
254            232                 1          1          0     
255            48                  1          1          0     
256            197                 1          0          0     
257            48                  1          1          0     
258            307                 1          0          0     
259            379                 1          1          1     
260            240                 1          0          0     
261            354                 1          1          1     
262            294                 1          0          0     
263            256                 1          1          0     
264            311                 1          1          0     
265            383                 1          0          0     
266            268                 1          0          0     
267            160                 1          0          1     
268            353                 1          0          0     
269            84                  1          0          0     
270            100                 1          0          0     
271            175                 1          0          0     
272            89                  1          1          1     
273            324                 1          0          0     
274            203                 1          0          0     
275            230                 1          0          0     
276            155                 1          0          0     
277            332                 1          0          0     
278            99                  1          1          1     
279            89                  1          1          1     
280            14                  1          0          0     
281            230                 1          0          0     
282            252                 1          0          0     
283            329                 1          1          1     
284            182                 1          0          0     
285            62                  1          1          1     
286            271                 1          0          0     
287            285                 1          0          0     
288            250                 1          0          0     
289            32                  1          1          0     
290            353                 1          1          0     
291            367                 1          1          0     
292            379                 1          0          1     
293            12                  1          1          1     
294            169                 1          0          1     
295            152                 1          0          0     
296            14                  1          1          0     
297            150                 1          1          1     
298            203                 1          1          0     
299            286                 1          0          0     
300            281                 1          0          0     
301            64                  1          0          1     
302            378                 1          1          1     
303            160                 1          0          1     
304            120                 1          0          0     
305            339                 1          1          0     
306            219                 1          0          0     
307            84                  1          0          0     
308            284                 1          1          1     
309            135                 1          0          0     
310            48                  1          0          0     
311            328                 1          1          0     
312            59                  1          0          0     
313            359                 1          1          1     
314            143                 1          1          1     
315            197                 1          0          0     
316            244                 1          0          0     
317            27                  1          0          0     
318            59                  1          0          0     
319            78                  1          0          0     
320            350                 1          0          1     
321            19                  1          0          1     
322            184                 1          1          1     
323            230                 1          0          0     
324            301                 1          1          1     
325            203                 1          0          0     
326            171                 1          1          0     
327            325                 1          0          0     
328            111                 1          0          0     
329            171                 1          1          0     
330            92                  1          1          1     
331            62                  1          1          1     
332            230                 1          0          0     
333            18                  1          0          1     
334            202                 1          1          0     
335            350                 1          0          1     
336            108                 1          1          0     
337            304                 1          0          0     
338            211                 1          0          0     
339            23                  1          0          0     
340            230                 1          0          0     
341            14                  1          0          0     
342            105                 1          0          0     
343            367                 1          1          0     
344            37                  1          1          0     
345            108                 1          0          0     
346            228                 1          0          0     
347            164                 1          0          0     
348            299                 1          0          0     
349            377                 1          1          1     
350            228                 1          0          0     
351            22                  1          1          1     
352            44                  1          0          0     
353            245                 1          0          0     
354            43                  1          0          0     
355            103                 1          1          1     
356            152                 1          0          0     
357            138                 1          0          0     
358            46                  1          1          1     
359            50                  1          1          0     
360            175                 1          0          0     
361            81                  1          0          0     
362            127                 1          0          1     
363            326                 1          1          0     
364            133                 1          0          0     
365            44                  1          0          0     
366            59                  1          0          0     
367            368                 1          0          0     
368            50                  1          0          0     
369            240                 1          0          0     
370            342                 1          0          0     
371            80                  1          0          0     
372            33                  1          0          0     
373            163                 1          0          0     
374            383                 1          0          0     
375            357                 1          0          1     
376            22                  1          1          1     
377            251                 1          0          0     
378            75                  1          1          0     
379            191                 1          0          0     
380            284                 1          1          1     
381            326                 1          0          0     
382            61                  1          0          0     
383            23                  1          0          0     
384            48                  1          1          0     
385            154                 1          1          1     
386            203                 1          0          0     
387            378                 1          0          1     
388            195                 1          0          1     
389            45                  1          0          0     
390            235                 1          0          0     
391            326                 1          1          0     
392            190                 1          0          0     
393            358                 1          0          0     
394            375                 1          0          0     
395            160                 1          0          1     
396            340                 1          1          1     
397            52                  1          0          0     
398            375                 1          1          0     
399            112                 1          0          0     
400            327                 1          1          1     
401            347                 1          1          1     
402            41                  1          0          0     
403            379                 1          1          1     
404            143                 1          1          1     
405            37                  1          0          0     
406            87                  1          1          1     
407            369                 1          0          1     
408            225                 1          1          1     
409            208                 1          0          1     
410            100                 1          0          0     
411            299                 1          1          0     
412            83                  1          1          0     
413            373                 1          0          0     
414            230                 1          0          0     
415            176                 1          0          0     
416            284                 1          1          1     
417            379                 1          1          1     
418            260                 1          0          0     
419            230                 1          0          0     
420            126                 1          0          0     
421            76                  1          0          0     
422            329                 1          1          1     
423            90                  1          0          0     
424            307                 1          1          0     
425            343                 1          1          0     
426            202                 1          1          0     
427            163                 1          0          0     
428            248                 1          0          0     
429            168                 1          1          1     
430            288                 1          1          1     
431            205                 1          0          0     
432            213                 1          1          1     
433            141                 1          0          1     
434            232                 1          0          0     
435            338                 1          0          0     
436            144                 1          0          0     
437            155                 1          0          0     
438            351                 1          1          0     
439            379                 1          1          1     
440            187                 1          1          1     
441            355                 1          0          0     
442            90                  1          0          0     
443            114                 1          0          0     
444            324                 1          0          0     
445            170                 1          0          0     
446            153                 1          0          0     
447            219                 1          0          0     
448            329                 1          0          1     
449            275                 1          0          0     
450            195                 1          1          1     
451            127                 1          1          1     
452            190                 1          0          0     
453            106                 1          1          1     
454            64                  1          1          1     
455            184                 1          1          1     
456            181                 1          0          1     
457            253                 1          0          0     
458            175                 1          0          0     
459            334                 1          0          0     
460            368                 1          0          0     
461            106                 1          1          1     
462            216                 1          0          0     
463            97                  1          1          1     
464            219                 1          0          0     
465            53                  1          1          0     
466            259                 1          1          0     
467            9                   1          1          1     
468            156                 1          0          0     
469            154                 1          1          1     
470            297                 1          1          1     
471            131                 1          0          0     
472            224                 1          0          0     
473            102                 1          0          0     
474            351                 1          1          0     
475            197                 1          0          0     
476            0                   1          1          0     
477            276                 1          0          0     
478            203                 1          0          0     
479            42                  1          0          0     
480            336                 1          0          0     
481            326                 1          1          0     
482            157                 1          0          0     
483            23                  1          0          0     
484            252                 1          0          0     
485            326                 1          1          0     
486            362                 1          0          0     
487            287                 1          0          0     
488            225                 1          0          1     
489            50                  1          0          0     
490            320                 1          0          0     
491            158                 1          1          1     
492            84                  1          0          0     
493            103                 1          1          1     
494            90                  1          0          0     
495            80                  1          0          0     
496            261                 1          1          1     
497            322                 1          0          0     
498            127                 1          0          1     
499            373                 1          0          0     
500            250                 1          1          0     
501            102                 1          0          0     
502            133                 1          0          0     
503            232                 1          0          0     
504            326                 1          0          0     
505            85                  1          0          1     
506            324                 1          0          0     
507            294                 1          0          0     
508            239                 1          0          0     
509            262                 1          0          0     
510            343                 1          1          0     
511            19                  1          0          1     
512            258                 1          0          0     
513            131                 1          0          0     
514            125                 1          0          0     
515            379                 1          1          1     
516            337                 1          1          1     
517            19                  1          1          1     
518            163                 1          0          0     
519            238                 1          0          0     
520            324                 1          0          0     
521            18                  1          0          1     
522            310                 1          0          0     
523            350                 1          0          1     
524            9                   1          1          1     
525            119                 1          0          0     
526            127                 1          0          1     
527            338                 1          0          0     
528            192                 1          0          0     
529            100                 1          1          0     
530            133                 1          0          0     
531            349                 1          0          0     
532            326                 1          1          0     
533            262                 1          0          0     
534            103                 1          1          1     
535            43                  1          0          0     
536            147                 1          0          0     
537            375                 1          1          0     
538            57                  1          1          1     
539            259                 1          1          0     
540            351                 1          0          0     
541            319                 1          0          0     
542            197                 1          0          0     
543            172                 1          0          0     
544            326                 1          1          0     
545            237                 1          0          0     
546            339                 1          1          0     
547            144                 1          0          0     
548            359                 1          1          1     
549            220                 1          0          0     
550            72                  1          0          0     
551            351                 1          0          0     
552            62                  1          1          1     
553            132                 1          0          0     
554            157                 1          0          0     
555            100                 1          1          0     
556            313                 1          0          0     
557            237                 1          0          0     
558            19                  1          1          1     
559            24                  1          0          0     
560            216                 1          0          0     
561            315                 1          0          0     
562            45                  1          0          0     
563            191                 1          0          0     
564            346                 1          1          1     
565            17                  1          0          0     
566            327                 1          0          1     
567            353                 1          0          0     
568            191                 1          0          0     
569            237                 1          0          0     
570            214                 1          1          1     
571            23                  1          0          0     
572            96                  1          1          1     
573            367                 1          0          0     
574            230                 1          0          0     
575            373                 1          0          0     
576            145                 1          1          1     
577            324                 1          0          0     
578            119                 1          0          0     
579            214                 1          1          1     
580            27                  1          0          0     
581            92                  1          0          1     
582            359                 1          1          1     
583            275                 1          0          0     
584            245                 1          0          0     
585            294                 1          0          0     
586            187                 1          1          1     
587            205                 1          1          0     
588            163                 1          0          0     
589            372                 1          0          0     
590            80                  1          0          0     
591            272                 1          1          1     
592            362                 1          1          0     
593            240                 1          0          0     
594            123                 1          0          0     
595            252                 1          0          0     
596            318                 1          0          0     
597            190                 1          0          0     
598            312                 1          0          0     
599            375                 1          1          0     
600            141                 1          1          1     
601            85                  1          0          1     
602            324                 1          0          0     
603            61                  1          0          0     
604            155                 1          0          0     
605            141                 1          1          1     
606            260                 1          0          0     
607            55                  1          0          1     
608            184                 1          0          1     
609            119                 1          0          0     
610            210                 1          0          0     
611            118                 1          0          1     
612            76                  1          0          0     
613            139                 1          0          0     
614            119                 1          0          0     
615            368                 1          0          0     
616            320                 1          0          0     
617            272                 1          0          1     
618            360                 1          0          0     
619            84                  1          0          0     
620            106                 1          1          1     
621            339                 1          1          0     
622            239                 1          0          0     
623            152                 1          0          0     
624            27                  1          0          0     
625            273                 1          0          0     
626            343                 1          1          0     
627            284                 1          1          1     
628            211                 1          0          0     
629            50                  1          0          0     
630            129                 1          1          1     
631            270                 1          1          1     
632            203                 1          1          0     
633            258                 1          0          0     
634            352                 1          0          0     
635            51                  1          0          0     
636            199                 1          1          1     
637            75                  1          1          0     
638            171                 1          0          0     
639            208                 1          0          1     
640            217                 1          1          1     
641            250                 1          0          0     
642            319                 1          0          0     
643            363                 1          0          0     
644            84                  1          0          0     
645            372                 1          0          0     
646            138                 1          0          0     
647            206                 1          0          0     
648            127                 1          0          1     
649            309                 1          1          1     
650            56                  1          0          0     
651            232                 1          1          0     
652            181                 1          0          1     
653            131                 1          1          0     
654            207                 1          1          1     
655            285                 1          0          0     
656            197                 1          0          0     
657            1                   1          0          0     
658            368                 1          0          0     
659            348                 1          0          0     
660            192                 1          0          0     
661            134                 1          0          1     
662            337                 1          1          1     
663            93                  1          1          1     
664            347                 1          1          1     
665            118                 1          1          1     
666            51                  1          0          0     
667            107                 1          1          1     
668            75                  1          1          0     
669            342                 1          0          0     
670            126                 1          0          0     
671            191                 1          0          0     
672            37                  1          0          0     
673            369                 1          1          1     
674            236                 1          0          0     
675            350                 1          0          1     
676            107                 1          1          1     
677            299                 1          0          0     
678            79                  1          1          1     
679            121                 1          1          1     
680            118                 1          0          1     
681            176                 1          0          0     
682            326                 1          0          0     
683            142                 1          0          0     
684            250                 1          0          0     
685            64                  1          0          1     
686            219                 1          1          0     
687            90                  1          0          0     
688            276                 1          0          0     
689            340                 1          1          1     
690            209                 1          0          1     
691            56                  1          0          0     
Prediction accuracy  = 541 out of 692 (78.18%)
--- Session ended : 2021-08-15-152758
