--- Session started : 2021-08-29-123907
Algorithm being used is 'Replace Missing Values With Modal'

Test Record    Best Match     Similarity  Predicted   Calculated  
Number         Record         Measure     Outcome     Outcome     
0              57                  1          0          0     
1              81                  1          0          0     
2              110                 1          0          0     
3              100                 1          1          1     
4              75                  1          1          1     
5              6                   1          0          0     
6              113                 1          0          0     
7              144                 1          0          0     
8              141                 1          0          0     
9              141                 1          0          0     
10             2                   1          0          0     
11             143                 1          0          0     
12             22                  1          0          1     
13             105                 1          0          1     
14             146                 1          1          0     
15             71                  1          0          0     
16             83                  1          0          1     
17             147                 1          0          0     
18             126                 1          0          0     
19             83                  1          0          1     
20             105                 1          0          1     
21             28                  1          0          0     
22             110                 1          0          0     
23             43                  1          1          1     
24             110                 1          1          0     
25             81                  1          0          0     
26             62                  1          0          0     
27             87                  1          1          0     
28             138                 1          1          0     
29             26                  1          1          1     
30             68                  1          0          0     
31             109                 1          0          0     
32             60                  1          0          0     
33             76                  1          0          0     
34             122                 1          1          0     
35             121                 1          0          0     
36             5                   1          1          1     
37             43                  1          1          1     
38             55                  1          1          0     
39             130                 1          1          0     
40             36                  1          0          1     
41             150                 1          0          0     
42             40                  1          0          1     
43             14                  1          0          0     
44             37                  1          0          1     
45             88                  1          0          1     
46             130                 1          0          0     
47             83                  1          0          1     
48             49                  1          0          1     
49             65                  1          0          1     
50             111                 1          0          0     
51             49                  1          0          1     
52             130                 1          1          0     
53             27                  1          0          0     
54             55                  1          1          0     
55             25                  1          0          0     
56             68                  1          1          0     
57             17                  1          0          0     
58             14                  1          0          0     
59             54                  1          1          1     
60             122                 1          0          0     
61             80                  1          1          1     
62             139                 1          1          0     
63             5                   1          1          1     
64             83                  1          1          1     
65             67                  1          0          0     
66             13                  1          0          1     
67             123                 1          0          0     
68             76                  1          0          0     
69             86                  1          0          0     
70             27                  1          0          0     
71             70                  1          1          0     
72             10                  1          0          1     
73             23                  1          0          1     
74             36                  1          0          1     
75             13                  1          0          1     
76             73                  1          1          1     
77             138                 1          1          0     
78             52                  1          0          0     
79             43                  1          1          1     
80             36                  1          0          1     
81             150                 1          0          0     
82             37                  1          0          1     
83             82                  1          0          1     
84             59                  1          0          0     
85             10                  1          0          1     
86             21                  1          0          0     
87             40                  1          1          1     
88             110                 1          0          0     
89             109                 1          0          0     
90             1                   1          1          1     
91             77                  1          0          0     
92             119                 1          1          0     
93             52                  1          0          0     
94             30                  1          1          0     
95             133                 1          1          0     
96             58                  1          1          0     
97             152                 1          1          1     
98             93                  1          0          0     
99             111                 1          0          0     
100            60                  1          0          0     
101            14                  1          1          0     
102            126                 1          1          0     
103            67                  1          0          0     
104            71                  1          1          0     
105            18                  1          0          0     
106            13                  1          0          1     
107            35                  1          0          1     
108            40                  1          1          1     
109            127                 1          0          0     
110            142                 1          0          0     
111            125                 1          1          0     
112            37                  1          1          1     
113            37                  1          0          1     
114            119                 1          1          0     
115            67                  1          0          0     
116            104                 1          1          0     
117            129                 1          0          0     
118            111                 1          0          0     
119            126                 1          0          0     
120            77                  1          0          0     
121            99                  1          0          0     
122            82                  1          1          1     
123            29                  1          1          0     
124            46                  1          0          0     
125            113                 1          0          0     
126            70                  1          0          0     
127            147                 1          1          0     
128            104                 1          1          0     
129            106                 1          0          0     
130            27                  1          0          0     
131            125                 1          1          0     
132            127                 1          1          0     
133            151                 1          0          1     
134            26                  1          0          1     
135            54                  1          0          1     
136            129                 1          1          0     
137            23                  1          0          1     
138            54                  1          0          1     
139            64                  1          1          1     
140            27                  1          0          0     
141            53                  1          1          1     
142            134                 1          1          0     
143            8                   1          1          0     
144            54                  1          0          1     
145            110                 1          0          0     
146            62                  1          1          0     
147            109                 1          0          0     
148            143                 1          0          0     
149            42                  1          1          1     
150            151                 1          1          1     
151            17                  1          1          0     
152            36                  1          0          1     
153            60                  1          1          0     
154            109                 1          0          0     
155            137                 1          0          1     
156            19                  1          0          0     
157            85                  1          0          1     
158            121                 1          0          0     
159            126                 1          0          0     
160            36                  1          0          1     
161            26                  1          0          1     
162            82                  1          0          1     
163            41                  1          0          0     
164            125                 1          0          0     
165            122                 1          1          0     
166            126                 1          0          0     
167            63                  1          0          0     
168            133                 1          1          0     
169            38                  1          0          0     
170            133                 1          0          0     
171            129                 1          0          0     
172            40                  1          1          1     
173            30                  1          1          0     
174            58                  1          1          0     
175            2                   1          1          0     
176            106                 1          0          0     
177            129                 1          0          0     
178            112                 1          1          1     
179            56                  1          1          1     
180            2                   1          0          0     
181            149                 1          0          0     
182            30                  1          1          0     
183            44                  1          0          0     
184            113                 1          0          0     
185            81                  1          0          0     
186            63                  1          0          0     
187            61                  1          1          0     
188            62                  1          0          0     
189            141                 1          0          0     
190            126                 1          1          0     
191            10                  1          0          1     
192            94                  1          1          1     
193            138                 1          0          0     
194            65                  1          1          1     
195            79                  1          0          1     
196            141                 1          0          0     
197            64                  1          1          1     
198            30                  1          0          0     
199            111                 1          1          0     
200            111                 1          0          0     
201            129                 1          0          0     
202            92                  1          1          0     
203            87                  1          1          0     
204            29                  1          1          0     
205            104                 1          0          0     
206            144                 1          1          0     
207            107                 1          0          0     
208            56                  1          1          1     
209            18                  1          1          0     
210            17                  1          1          0     
211            112                 1          1          1     
212            43                  1          0          1     
213            143                 1          0          0     
214            122                 1          0          0     
215            13                  1          1          1     
216            49                  1          1          1     
217            130                 1          0          0     
218            126                 1          0          0     
219            82                  1          0          1     
220            46                  1          0          0     
221            8                   1          0          0     
222            126                 1          0          0     
223            56                  1          0          1     
224            134                 1          0          0     
225            126                 1          0          0     
226            35                  1          0          1     
227            55                  1          1          0     
228            39                  1          0          0     
229            66                  1          0          0     
230            62                  1          1          0     
231            23                  1          0          1     
232            30                  1          0          0     
233            140                 1          0          1     
234            93                  1          0          0     
235            144                 1          1          0     
236            126                 1          1          0     
237            94                  1          1          1     
238            132                 1          0          1     
239            143                 1          0          0     
240            89                  1          0          0     
241            13                  1          0          1     
242            50                  1          0          0     
243            70                  1          0          0     
244            15                  1          1          0     
245            141                 1          0          0     
246            109                 1          0          0     
247            65                  1          1          1     
248            117                 1          0          0     
249            150                 1          0          0     
250            68                  1          0          0     
251            130                 1          0          0     
252            7                   1          0          1     
253            135                 1          0          0     
254            29                  1          1          0     
255            51                  1          1          1     
256            104                 1          1          0     
257            18                  1          0          0     
258            40                  1          1          1     
259            140                 1          1          1     
260            126                 1          0          0     
261            138                 1          0          0     
262            137                 1          1          1     
263            99                  1          0          0     
264            88                  1          0          1     
265            18                  1          0          0     
266            22                  1          1          1     
267            86                  1          0          0     
268            67                  1          0          0     
269            123                 1          0          0     
270            105                 1          0          1     
271            83                  1          0          1     
272            24                  1          0          0     
273            43                  1          1          1     
274            79                  1          0          1     
275            48                  1          0          0     
276            105                 1          1          1     
277            12                  1          1          0     
278            42                  1          0          1     
279            123                 1          1          0     
280            138                 1          1          0     
281            43                  1          0          1     
282            8                   1          1          0     
283            54                  1          1          1     
284            73                  1          0          1     
285            64                  1          1          1     
286            93                  1          0          0     
287            28                  1          0          0     
288            109                 1          0          0     
289            77                  1          0          0     
290            9                   1          0          0     
291            35                  1          0          1     
292            117                 1          0          0     
293            110                 1          0          0     
294            89                  1          0          0     
295            19                  1          0          0     
296            138                 1          1          0     
297            83                  1          1          1     
298            53                  1          0          1     
299            149                 1          1          0     
300            62                  1          1          0     
301            52                  1          0          0     
302            152                 1          1          1     
303            34                  1          0          0     
304            71                  1          0          0     
305            24                  1          0          0     
306            151                 1          1          1     
307            73                  1          0          1     
308            17                  1          1          0     
309            134                 1          1          0     
310            109                 1          0          0     
311            96                  1          0          0     
312            10                  1          1          1     
313            138                 1          1          0     
314            141                 1          0          0     
315            141                 1          0          0     
316            138                 1          1          0     
317            57                  1          0          0     
318            40                  1          1          1     
319            29                  1          0          0     
320            83                  1          0          1     
321            130                 1          0          0     
322            68                  1          0          0     
323            14                  1          1          0     
324            65                  1          1          1     
325            130                 1          0          0     
326            43                  1          0          1     
327            65                  1          1          1     
328            110                 1          0          0     
329            134                 1          1          0     
330            121                 1          0          0     
331            112                 1          1          1     
332            30                  1          0          0     
333            133                 1          1          0     
334            84                  1          0          0     
335            57                  1          0          0     
336            58                  1          0          0     
337            120                 1          0          1     
338            55                  1          1          0     
339            65                  1          1          1     
340            49                  1          0          1     
341            112                 1          0          1     
342            37                  1          0          1     
343            18                  1          0          0     
344            4                   1          1          0     
345            70                  1          0          0     
346            80                  1          1          1     
347            123                 1          0          0     
348            133                 1          1          0     
349            141                 1          0          0     
350            99                  1          0          0     
351            63                  1          0          0     
352            57                  1          0          0     
353            130                 1          1          0     
354            7                   1          1          1     
355            129                 1          0          0     
356            14                  1          1          0     
357            110                 1          0          0     
358            18                  1          0          0     
359            67                  1          0          0     
360            86                  1          0          0     
361            13                  1          0          1     
362            55                  1          0          0     
363            105                 1          0          1     
364            112                 1          0          1     
365            138                 1          0          0     
366            112                 1          1          1     
367            45                  1          1          1     
368            20                  1          1          0     
369            144                 1          0          0     
370            130                 1          1          0     
371            59                  1          0          0     
372            149                 1          1          0     
373            17                  1          1          0     
374            74                  1          0          1     
375            109                 1          0          0     
376            74                  1          0          1     
377            110                 1          0          0     
378            104                 1          0          0     
379            21                  1          0          0     
380            97                  1          0          0     
381            152                 1          1          1     
382            12                  1          0          0     
383            110                 1          1          0     
384            144                 1          1          0     
385            82                  1          0          1     
386            41                  1          1          0     
387            8                   1          0          0     
388            14                  1          0          0     
389            151                 1          1          1     
390            64                  1          0          1     
391            141                 1          0          0     
392            118                 1          1          0     
393            87                  1          0          0     
394            36                  1          0          1     
395            99                  1          0          0     
396            2                   1          1          0     
397            106                 1          0          0     
398            134                 1          0          0     
399            68                  1          0          0     
400            56                  1          0          1     
401            32                  1          0          1     
402            104                 1          0          0     
403            24                  1          0          0     
404            53                  1          1          1     
405            119                 1          1          0     
406            107                 1          0          0     
407            107                 1          1          0     
408            75                  1          0          1     
409            57                  1          1          0     
410            104                 1          0          0     
411            93                  1          0          0     
412            61                  1          0          0     
413            105                 1          0          1     
414            141                 1          0          0     
415            76                  1          0          0     
416            87                  1          0          0     
417            139                 1          0          0     
418            134                 1          1          0     
419            110                 1          0          0     
420            56                  1          1          1     
421            23                  1          0          1     
422            29                  1          1          0     
423            143                 1          1          0     
424            78                  1          0          0     
425            23                  1          0          1     
426            62                  1          0          0     
427            129                 1          0          0     
428            130                 1          0          0     
429            33                  1          0          0     
430            106                 1          0          0     
431            99                  1          0          0     
432            134                 1          1          0     
433            130                 1          0          0     
434            104                 1          0          0     
435            112                 1          0          1     
436            10                  1          1          1     
437            131                 1          0          0     
438            125                 1          1          0     
439            112                 1          1          1     
440            76                  1          0          0     
441            49                  1          0          1     
442            60                  1          0          0     
443            73                  1          1          1     
444            28                  1          0          0     
445            147                 1          0          0     
446            138                 1          0          0     
447            76                  1          1          0     
448            41                  1          0          0     
449            54                  1          0          1     
450            151                 1          1          1     
451            139                 1          1          0     
452            39                  1          0          0     
453            8                   1          1          0     
454            65                  1          0          1     
455            54                  1          1          1     
456            23                  1          0          1     
457            70                  1          0          0     
458            129                 1          1          0     
459            24                  1          0          0     
460            64                  1          0          1     
461            104                 1          0          0     
462            121                 1          0          0     
463            107                 1          0          0     
464            110                 1          0          0     
465            43                  1          1          1     
466            152                 1          0          1     
467            141                 1          0          0     
468            30                  1          1          0     
469            91                  1          1          1     
470            111                 1          0          0     
471            82                  1          0          1     
472            127                 1          0          0     
473            46                  1          1          0     
474            19                  1          1          0     
475            149                 1          0          0     
476            141                 1          1          0     
477            48                  1          1          0     
478            123                 1          0          0     
479            141                 1          0          0     
480            74                  1          0          1     
481            151                 1          1          1     
482            72                  1          0          0     
483            57                  1          0          0     
484            121                 1          0          0     
485            19                  1          0          0     
486            29                  1          1          0     
487            51                  1          0          1     
488            130                 1          1          0     
489            82                  1          0          1     
490            5                   1          1          1     
491            99                  1          0          0     
492            27                  1          0          0     
493            104                 1          0          0     
494            91                  1          0          1     
495            121                 1          0          0     
496            146                 1          1          0     
497            15                  1          1          0     
498            111                 1          0          0     
499            18                  1          0          0     
500            18                  1          0          0     
501            146                 1          1          0     
502            150                 1          0          0     
503            100                 1          0          1     
504            97                  1          0          0     
505            112                 1          0          1     
506            108                 1          0          0     
507            99                  1          1          0     
508            96                  1          0          0     
509            93                  1          1          0     
510            111                 1          1          0     
511            140                 1          0          1     
512            143                 1          0          0     
513            49                  1          0          1     
514            68                  1          1          0     
515            123                 1          0          0     
516            99                  1          0          0     
517            2                   1          0          0     
518            43                  1          1          1     
519            112                 1          1          1     
520            43                  1          1          1     
521            52                  1          1          0     
522            77                  1          0          0     
523            112                 1          0          1     
524            29                  1          0          0     
525            96                  1          1          0     
526            125                 1          1          0     
527            123                 1          0          0     
528            49                  1          1          1     
529            37                  1          1          1     
530            88                  1          0          1     
531            70                  1          0          0     
532            54                  1          0          1     
533            27                  1          0          0     
534            68                  1          1          0     
535            27                  1          0          0     
536            40                  1          1          1     
537            56                  1          1          1     
538            143                 1          1          0     
539            1                   1          0          1     
540            92                  1          1          0     
541            40                  1          1          1     
542            109                 1          0          0     
543            68                  1          1          0     
544            77                  1          0          0     
545            77                  1          0          0     
546            148                 1          1          0     
547            144                 1          0          0     
548            150                 1          0          0     
549            47                  1          0          0     
550            148                 1          0          0     
551            10                  1          1          1     
552            52                  1          0          0     
553            117                 1          0          0     
554            61                  1          0          0     
555            7                   1          0          1     
556            124                 1          1          0     
557            106                 1          1          0     
558            62                  1          0          0     
559            113                 1          1          0     
560            150                 1          0          0     
561            150                 1          0          0     
562            126                 1          0          0     
563            109                 1          0          0     
564            78                  1          0          0     
565            70                  1          1          0     
566            119                 1          1          0     
567            49                  1          0          1     
568            23                  1          0          1     
569            87                  1          0          0     
570            43                  1          0          1     
571            55                  1          1          0     
572            87                  1          0          0     
573            7                   1          0          1     
574            56                  1          1          1     
575            39                  1          0          0     
576            86                  1          0          0     
577            55                  1          1          0     
578            29                  1          0          0     
579            54                  1          1          1     
580            82                  1          1          1     
581            107                 1          0          0     
582            141                 1          0          0     
583            82                  1          0          1     
584            8                   1          0          0     
585            130                 1          0          0     
586            64                  1          1          1     
587            75                  1          1          1     
588            129                 1          0          0     
589            2                   1          0          0     
590            84                  1          0          0     
591            75                  1          1          1     
592            93                  1          0          0     
593            65                  1          1          1     
594            49                  1          1          1     
595            49                  1          0          1     
596            143                 1          1          0     
597            56                  1          0          1     
598            117                 1          1          0     
599            34                  1          0          0     
600            76                  1          1          0     
601            40                  1          1          1     
602            1                   1          1          1     
603            132                 1          0          1     
604            97                  1          0          0     
605            96                  1          0          0     
606            15                  1          1          0     
607            59                  1          1          0     
608            21                  1          0          0     
609            148                 1          0          0     
610            82                  1          0          1     
611            12                  1          1          0     
612            12                  1          0          0     
613            127                 1          0          0     
614            119                 1          0          0     
Prediction accuracy  = 376 out of 615 (61.14%)
--- Session ended : 2021-08-29-123907
