--- Session started : 2021-08-29-123950
Algorithm being used is 'Replace Missing Values With Modal'

Test Record    Best Match     Similarity  Predicted   Calculated  
Number         Record         Measure     Outcome     Outcome     
0              19                  1          0          1     
1              111                 1          0          0     
2              85                  1          1          0     
3              61                  1          1          0     
4              60                  1          0          0     
5              5                   1          1          0     
6              86                  1          0          0     
7              113                 1          0          0     
8              22                  1          0          0     
9              107                 1          1          1     
10             63                  1          0          0     
11             96                  1          1          0     
12             62                  1          1          1     
13             46                  1          0          1     
14             80                  1          0          0     
15             72                  1          1          1     
16             110                 1          0          1     
17             19                  1          0          1     
18             82                  1          1          1     
19             53                  1          1          0     
20             18                  1          0          0     
21             78                  1          0          0     
22             64                  1          0          0     
23             19                  1          0          1     
24             0                   1          1          1     
25             78                  1          1          0     
26             22                  1          0          0     
27             93                  1          0          0     
28             80                  1          0          0     
29             48                  1          0          0     
30             38                  1          0          0     
31             22                  1          0          0     
32             40                  1          0          0     
33             68                  1          1          0     
34             0                   1          0          1     
35             112                 1          0          0     
36             31                  1          0          0     
37             30                  1          1          1     
38             1                   1          0          0     
39             1                   1          0          0     
40             12                  1          0          0     
41             3                   1          1          0     
42             82                  1          1          1     
43             62                  1          1          1     
44             104                 1          1          0     
45             82                  1          1          1     
46             95                  1          0          0     
47             11                  1          0          0     
48             65                  1          0          0     
49             91                  1          0          1     
50             47                  1          1          0     
51             60                  1          1          0     
52             90                  1          1          1     
53             78                  1          0          0     
54             25                  1          0          1     
55             7                   1          0          0     
56             72                  1          0          1     
57             101                 1          0          0     
58             87                  1          0          0     
59             85                  1          0          0     
60             79                  1          1          1     
61             108                 1          1          0     
62             51                  1          0          1     
63             64                  1          0          0     
64             79                  1          1          1     
65             86                  1          0          0     
66             111                 1          0          0     
67             27                  1          1          0     
68             92                  1          0          1     
69             2                   1          1          1     
70             4                   1          0          0     
71             62                  1          1          1     
72             4                   1          0          0     
73             78                  1          0          0     
74             110                 1          1          1     
75             35                  1          0          0     
76             68                  1          0          0     
77             102                 1          0          0     
78             72                  1          0          1     
79             28                  1          1          1     
80             52                  1          0          0     
81             106                 1          0          0     
82             78                  1          0          0     
83             28                  1          1          1     
84             56                  1          0          0     
85             2                   1          1          1     
86             36                  1          0          0     
87             61                  1          0          0     
88             106                 1          1          0     
89             69                  1          0          0     
90             1                   1          0          0     
91             9                   1          0          0     
92             48                  1          0          0     
93             28                  1          0          1     
94             105                 1          0          0     
95             69                  1          0          0     
96             98                  1          0          0     
97             85                  1          1          0     
98             50                  1          1          0     
99             91                  1          1          1     
100            11                  1          1          0     
101            28                  1          1          1     
102            85                  1          1          0     
103            25                  1          0          1     
104            90                  1          0          1     
105            14                  1          0          0     
106            82                  1          0          1     
107            85                  1          1          0     
108            68                  1          0          0     
109            61                  1          0          0     
110            77                  1          1          1     
111            19                  1          0          1     
112            95                  1          1          0     
113            95                  1          1          0     
114            11                  1          0          0     
115            81                  1          1          0     
116            28                  1          1          1     
117            4                   1          0          0     
118            3                   1          0          0     
119            88                  1          0          0     
120            31                  1          1          0     
121            97                  1          1          1     
122            98                  1          0          0     
123            61                  1          1          0     
124            63                  1          0          0     
125            47                  1          0          0     
126            31                  1          0          0     
127            31                  1          0          0     
128            46                  1          0          1     
129            85                  1          0          0     
130            74                  1          0          0     
131            53                  1          0          0     
132            57                  1          1          0     
133            30                  1          0          1     
134            29                  1          0          1     
135            53                  1          1          0     
136            44                  1          0          0     
137            19                  1          0          1     
138            90                  1          1          1     
139            87                  1          0          0     
140            35                  1          0          0     
141            113                 1          0          0     
142            114                 1          1          0     
143            50                  1          1          0     
144            111                 1          1          0     
145            53                  1          1          0     
146            15                  1          1          0     
147            107                 1          1          1     
148            11                  1          1          0     
149            85                  1          0          0     
150            114                 1          1          0     
151            85                  1          1          0     
152            98                  1          1          0     
153            112                 1          0          0     
154            43                  1          1          1     
155            8                   1          0          0     
156            99                  1          0          0     
157            98                  1          0          0     
158            35                  1          0          0     
159            54                  1          0          1     
160            66                  1          0          0     
161            53                  1          0          0     
162            110                 1          0          1     
163            82                  1          1          1     
164            85                  1          0          0     
165            17                  1          1          0     
166            73                  1          0          0     
167            10                  1          1          1     
168            28                  1          1          1     
169            41                  1          1          0     
170            88                  1          0          0     
171            114                 1          0          0     
172            106                 1          1          0     
173            73                  1          0          0     
174            37                  1          0          0     
175            68                  1          0          0     
176            28                  1          1          1     
177            100                 1          1          0     
178            6                   1          0          0     
179            3                   1          1          0     
180            31                  1          0          0     
181            22                  1          0          0     
182            1                   1          1          0     
183            43                  1          0          1     
184            110                 1          0          1     
185            43                  1          0          1     
186            19                  1          0          1     
187            106                 1          1          0     
188            81                  1          0          0     
189            78                  1          0          0     
190            68                  1          0          0     
191            78                  1          1          0     
192            105                 1          0          0     
193            74                  1          0          0     
194            70                  1          0          0     
195            15                  1          0          0     
196            61                  1          1          0     
197            43                  1          1          1     
198            18                  1          0          0     
199            105                 1          1          0     
200            28                  1          1          1     
201            43                  1          1          1     
202            46                  1          0          1     
203            78                  1          1          0     
204            62                  1          0          1     
205            98                  1          0          0     
206            92                  1          1          1     
207            1                   1          1          0     
208            70                  1          0          0     
209            103                 1          1          1     
210            31                  1          0          0     
211            97                  1          0          1     
212            19                  1          0          1     
213            113                 1          0          0     
214            11                  1          0          0     
215            45                  1          0          1     
216            69                  1          0          0     
217            104                 1          0          0     
218            67                  1          1          0     
219            31                  1          0          0     
220            80                  1          0          0     
221            0                   1          0          1     
222            30                  1          1          1     
223            13                  1          0          0     
224            54                  1          1          1     
225            92                  1          1          1     
226            66                  1          0          0     
227            80                  1          0          0     
228            57                  1          0          0     
229            0                   1          0          1     
230            23                  1          1          0     
231            67                  1          1          0     
232            46                  1          0          1     
233            80                  1          1          0     
234            40                  1          0          0     
235            31                  1          0          0     
236            46                  1          0          1     
237            114                 1          0          0     
238            86                  1          0          0     
239            34                  1          1          1     
240            86                  1          0          0     
241            68                  1          1          0     
242            41                  1          1          0     
243            46                  1          0          1     
244            81                  1          1          0     
245            112                 1          0          0     
246            86                  1          0          0     
247            99                  1          0          0     
248            90                  1          1          1     
249            42                  1          0          0     
250            76                  1          1          1     
251            78                  1          0          0     
252            69                  1          0          0     
253            86                  1          0          0     
254            114                 1          0          0     
255            94                  1          1          0     
256            100                 1          0          0     
257            52                  1          0          0     
258            53                  1          1          0     
259            45                  1          0          1     
260            48                  1          0          0     
261            86                  1          0          0     
262            3                   1          1          0     
263            34                  1          1          1     
264            48                  1          0          0     
265            52                  1          0          0     
266            5                   1          1          0     
267            16                  1          0          0     
268            22                  1          0          0     
269            3                   1          0          0     
270            98                  1          0          0     
271            68                  1          0          0     
272            5                   1          0          0     
273            78                  1          1          0     
274            46                  1          1          1     
275            48                  1          0          0     
276            16                  1          0          0     
277            87                  1          0          0     
278            72                  1          0          1     
279            57                  1          0          0     
280            6                   1          0          0     
281            110                 1          0          1     
282            16                  1          0          0     
283            112                 1          0          0     
284            110                 1          0          1     
285            46                  1          0          1     
286            67                  1          0          0     
287            48                  1          1          0     
288            19                  1          0          1     
289            3                   1          0          0     
290            94                  1          0          0     
291            45                  1          1          1     
292            54                  1          1          1     
293            110                 1          0          1     
294            53                  1          1          0     
295            81                  1          1          0     
296            97                  1          1          1     
297            48                  1          0          0     
298            49                  1          1          0     
299            28                  1          1          1     
300            87                  1          0          0     
301            32                  1          0          1     
302            71                  1          0          1     
303            113                 1          0          0     
304            64                  1          0          0     
305            20                  1          1          0     
306            1                   1          0          0     
307            107                 1          0          1     
308            97                  1          0          1     
309            53                  1          0          0     
310            13                  1          0          0     
311            108                 1          1          0     
312            52                  1          0          0     
313            81                  1          0          0     
314            85                  1          0          0     
315            4                   1          1          0     
316            62                  1          0          1     
317            78                  1          0          0     
318            0                   1          1          1     
319            19                 0.9         1          1     
320            35                  1          1          0     
321            110                 1          0          1     
322            4                   1          1          0     
323            62                  1          1          1     
324            93                  1          0          0     
325            22                  1          0          0     
326            90                  1          1          1     
327            106                 1          0          0     
328            10                  1          0          1     
329            59                  1          0          0     
330            25                  1          0          1     
331            103                 1          1          1     
332            73                  1          0          0     
333            71                  1          0          1     
334            53                  1          0          0     
335            94                  1          0          0     
336            100                 1          0          0     
337            39                  1          0          1     
338            30                  1          1          1     
339            96                  1          0          0     
340            85                  1          0          0     
341            31                  1          0          0     
342            28                  1          0          1     
343            107                 1          1          1     
344            5                   1          0          0     
345            40                  1          1          0     
346            40                  1          0          0     
347            69                  1          0          0     
348            81                  1          1          0     
349            31                  1          0          0     
350            88                  1          0          0     
351            22                  1          0          0     
352            22                  1          0          0     
353            105                 1          0          0     
354            5                   1          0          0     
355            0                   1          0          1     
356            52                  1          0          0     
357            5                   1          0          0     
358            1                   1          0          0     
359            5                   1          1          0     
360            98                  1          0          0     
361            90                  1          0          1     
362            82                  1          1          1     
363            31                  1          1          0     
364            110                 1          0          1     
365            13                  1          0          0     
366            40                  1          0          0     
367            105                 1          0          0     
368            65                  1          0          0     
369            15                  1          0          0     
370            9                   1          0          0     
371            26                  1          1          1     
372            40                  1          0          0     
373            29                  1          0          1     
374            38                  1          0          0     
375            61                  1          0          0     
376            103                 1          1          1     
377            100                 1          0          0     
378            113                 1          0          0     
379            4                   1          0          0     
380            41                  1          0          0     
381            78                  1          0          0     
382            9                   1          0          0     
383            1                   1          0          0     
384            52                  1          0          0     
385            45                  1          0          1     
386            46                  1          0          1     
387            66                  1          1          0     
388            57                  1          0          0     
389            53                  1          1          0     
390            110                 1          1          1     
391            40                  1          0          0     
392            106                 1          0          0     
393            17                  1          1          0     
394            15                  1          0          0     
395            107                 1          0          1     
396            71                  1          1          1     
397            28                  1          1          1     
398            88                  1          0          0     
399            71                  1          0          1     
400            86                  1          0          0     
401            50                  1          1          0     
402            106                 1          0          0     
403            21                  1          0          0     
404            28                  1          1          1     
405            105                 1          1          0     
406            110                 1          1          1     
407            113                 1          0          0     
408            49                  1          1          0     
409            53                  1          1          0     
410            61                  1          0          0     
411            4                   1          1          0     
412            41                  1          0          0     
413            3                   1          1          0     
414            35                  1          0          0     
415            54                  1          1          1     
416            82                  1          0          1     
417            112                 1          0          0     
418            86                  1          0          0     
419            114                 1          0          0     
420            1                   1          0          0     
421            33                  1          1          0     
422            22                  1          0          0     
423            52                  1          0          0     
424            40                  1          0          0     
425            13                  1          0          0     
426            11                  1          1          0     
427            15                  1          1          0     
428            40                  1          0          0     
429            11                  1          0          0     
430            85                  1          0          0     
431            67                  1          1          0     
432            28                  1          1          1     
433            28                  1          1          1     
434            52                  1          0          0     
435            81                  1          1          0     
436            28                  1          1          1     
437            31                  1          0          0     
438            91                  1          1          1     
439            64                  1          1          0     
440            105                 1          1          0     
441            37                  1          0          0     
442            52                  1          0          0     
443            70                  1          0          0     
444            45                  1          0          1     
445            1                   1          0          0     
446            19                  1          0          1     
447            36                  1          0          0     
448            22                  1          0          0     
449            68                  1          1          0     
450            4                   1          1          0     
451            7                   1          0          0     
452            5                   1          1          0     
453            78                  1          1          0     
454            46                  1          0          1     
455            78                  1          0          0     
456            74                  1          1          0     
457            63                  1          0          0     
458            30                  1          1          1     
459            15                  1          0          0     
460            107                 1          0          1     
461            92                  1          0          1     
462            17                  1          1          0     
463            74                  1          0          0     
464            6                   1          0          0     
465            81                  1          1          0     
466            81                  1          1          0     
467            78                  1          0          0     
468            39                  1          0          1     
469            99                  1          0          0     
470            17                  1          0          0     
471            60                  1          1          0     
472            112                 1          1          0     
473            52                  1          0          0     
474            16                  1          1          0     
475            1                   1          0          0     
476            67                  1          1          0     
477            57                  1          0          0     
478            40                  1          1          0     
479            45                  1          0          1     
480            53                  1          1          0     
481            37                  1          0          0     
482            28                  1          0          1     
483            100                 1          0          0     
484            97                  1          0          1     
485            94                  1          0          0     
486            45                  1          0          1     
487            31                  1          0          0     
488            60                  1          0          0     
489            31                  1          0          0     
490            53                  1          0          0     
491            81                  1          1          0     
492            107                 1          1          1     
493            0                   1          0          1     
494            78                  1          0          0     
495            53                  1          0          0     
496            34                  1          1          1     
497            12                  1          0          0     
498            81                  1          1          0     
499            113                 1          0          0     
500            85                  1          0          0     
501            81                  1          1          0     
502            81                  1          0          0     
503            46                  1          0          1     
504            47                  1          0          0     
505            3                   1          1          0     
506            106                 1          0          0     
507            28                  1          1          1     
508            107                 1          0          1     
509            28                  1          1          1     
510            15                  1          1          0     
511            114                 1          0          0     
512            11                  1          1          0     
513            34                  1          0          1     
514            28                  1          1          1     
515            100                 1          0          0     
516            91                  1          0          1     
517            52                  1          0          0     
518            22                  1          0          0     
519            30                  1          1          1     
520            13                  1          0          0     
521            40                  1          0          0     
522            94                  1          0          0     
523            100                 1          0          0     
524            87                  1          1          0     
525            46                  1          1          1     
526            15                  1          1          0     
527            1                   1          1          0     
528            72                  1          1          1     
529            68                  1          1          0     
530            1                   1          0          0     
531            0                   1          1          1     
532            0                   1          0          1     
533            92                  1          0          1     
534            13                  1          1          0     
535            19                  1          0          1     
536            112                 1          0          0     
537            68                  1          1          0     
538            108                 1          1          0     
539            23                  1          1          0     
540            94                  1          0          0     
541            78                  1          1          0     
542            41                  1          0          0     
543            105                 1          0          0     
544            1                   1          0          0     
545            112                 1          0          0     
546            62                  1          0          1     
547            25                  1          1          1     
548            62                  1          1          1     
549            68                  1          1          0     
550            114                 1          0          0     
551            55                  1          0          0     
552            62                  1          1          1     
553            94                  1          1          0     
554            52                  1          0          0     
555            43                  1          0          1     
556            85                  1          0          0     
557            62                  1          1          1     
558            14                  1          0          0     
559            61                  1          0          0     
560            78                  1          1          0     
561            51                  1          0          1     
562            61                  1          0          0     
563            106                 1          0          0     
564            34                  1          1          1     
565            90                  1          1          1     
566            112                 1          0          0     
567            86                  1          1          0     
568            94                  1          0          0     
569            5                   1          0          0     
570            6                   1          1          0     
571            79                  1          1          1     
572            19                  1          0          1     
573            2                   1          0          1     
574            52                  1          0          0     
575            78                  1          0          0     
576            108                 1          0          0     
577            0                   1          0          1     
578            103                 1          0          1     
579            92                  1          0          1     
580            85                  1          1          0     
581            31                  1          0          0     
582            1                   1          0          0     
583            68                  1          0          0     
584            86                  1          1          0     
585            3                   1          0          0     
586            96                  1          0          0     
587            17                  1          1          0     
588            78                  1          0          0     
589            93                  1          0          0     
590            82                  1          0          1     
591            81                  1          1          0     
592            54                  1          1          1     
593            46                  1          0          1     
594            112                 1          0          0     
595            40                  1          0          0     
596            78                  1          0          0     
597            50                  1          0          0     
598            87                  1          0          0     
599            110                 1          0          1     
600            113                 1          0          0     
601            81                  1          1          0     
602            1                   1          0          0     
603            0                   1          0          1     
604            67                  1          1          0     
605            68                  1          0          0     
606            48                  1          0          0     
607            11                  1          0          0     
608            27                  1          0          0     
609            29                  1          0          1     
610            5                   1          1          0     
611            67                  1          1          0     
612            73                  1          0          0     
613            104                 1          1          0     
614            70                  1          0          0     
615            94                  1          1          0     
616            33                  1          1          0     
617            1                   1          0          0     
618            81                  1          1          0     
619            91                  1          1          1     
620            34                  1          0          1     
621            67                  1          1          0     
622            40                  1          0          0     
623            72                  1          0          1     
624            11                  1          0          0     
625            57                  1          0          0     
626            33                  1          0          0     
627            18                  1          1          0     
628            19                  1          0          1     
629            93                  1          1          0     
630            53                  1          1          0     
631            103                 1          0          1     
632            6                   1          1          0     
633            110                 1          0          1     
634            16                  1          1          0     
635            53                  1          0          0     
636            17                  1          1          0     
637            4                   1          0          0     
638            16                  1          1          0     
639            107                 1          1          1     
640            110                 1          0          1     
641            31                  1          1          0     
642            68                  1          0          0     
643            78                  1          1          0     
644            4                   1          0          0     
645            87                  1          0          0     
646            45                  1          0          1     
647            73                  1          1          0     
648            4                   1          0          0     
649            82                  1          0          1     
650            34                  1          0          1     
651            87                  1          1          0     
652            103                 1          1          1     
Prediction accuracy  = 403 out of 653 (61.72%)
--- Session ended : 2021-08-29-123950
