--- Session started : 2021-08-21-144911
Algorithm being used is 'ReplaceMissingValuesWithMean'

Test Record    Best Match     Similarity  Predicted   Calculated  
Number         Record         Measure     Outcome     Outcome     
0              60                 0.9         0          0     
1              176                0.8         0          0     
2              73                 0.9         1          0     
3              60                 0.9         0          0     
4              60                 0.9         0          0     
5              60                 0.9         0          0     
6              60                 0.9         0          0     
7              176                0.8         0          0     
8              176                0.8         0          0     
9              60                 0.9         0          0     
10             176                0.8         0          0     
11             60                 0.9         0          0     
12             329                0.9         1          0     
13             176                0.9         1          0     
14             329                0.9         0          0     
15             60                 0.9         0          0     
16             652                0.8         1          0     
17             87                 0.8         0          0     
18             78                 0.9         0          0     
19             60                 0.9         0          0     
20             632                0.8         1          0     
21             515                0.8         0          0     
22             632                0.8         1          0     
23             73                 0.9         0          0     
24             176                0.9         1          0     
25             176                0.8         1          0     
26             73                 0.9         0          0     
27             60                 0.9         1          0     
28             632                0.8         1          0     
29             394                0.8         0          0     
30             329                0.9         1          0     
31             60                 0.9         0          0     
32             329                0.9         0          0     
33             652                0.8         0          0     
34             73                 0.8         1          0     
35             60                 0.9         0          0     
36             394                0.8         0          0     
37             176                0.8         0          0     
38             329                0.8         1          0     
Prediction accuracy  = 26 out of 39 (66.67%)
--- Session ended : 2021-08-21-144911
