--- Session started : 2021-08-25-161048
Algorithm being used is 'Remove Incomplete Records'

Test Record    Best Match     Similarity  Predicted   Calculated  
Number         Record         Measure     Outcome     Outcome     
0              9                   1          1          1     
1              12                  1          0          1     
2              20                  1          0          0     
3              44                  1          1          0     
4              33                  1          0          0     
5              10                  1          0          0     
6              30                  1          1          1     
7              42                  1          0          1     
8              36                  1          0          0     
9              33                  1          0          0     
10             8                   1          0          0     
11             16                  1          0          0     
12             37                  1          0          0     
13             25                  1          1          0     
14             35                  1          0          0     
15             23                  1          0          0     
16             41                  1          0          0     
17             37                  1          1          0     
18             46                  1          0          0     
19             44                  1          0          0     
20             48                  1          0          0     
21             49                  1          0          1     
22             8                   1          0          0     
23             20                  1          1          0     
24             38                  1          0          0     
25             13                  1          0          0     
26             44                  1          1          0     
27             10                  1          0          0     
28             7                   1          1          0     
29             36                  1          1          0     
30             14                  1          1          1     
31             24                  1          0          0     
32             43                  1          0          0     
33             1                   1          1          1     
34             15                  1          1          1     
35             31                  1          1          0     
36             24                  1          0          0     
37             10                  1          0          0     
38             45                  1          0          0     
39             11                  1          0          0     
40             45                  1          0          0     
41             22                  1          0          1     
42             3                   1          1          1     
43             23                  1          0          0     
44             41                  1          1          0     
45             41                  1          0          0     
46             8                   1          0          0     
47             17                  1          0          0     
48             1                   1          0          1     
49             5                   1          0          1     
50             26                  1          1          0     
51             41                  1          0          0     
52             43                  1          0          0     
53             44                  1          0          0     
54             41                  1          0          0     
55             23                  1          0          0     
56             12                  1          0          1     
57             49                  1          0          1     
58             11                  1          1          0     
59             23                  1          0          0     
60             10                  1          0          0     
61             7                   1          0          0     
62             25                  1          0          0     
63             48                  1          0          0     
64             11                  1          0          0     
65             30                  1          0          1     
66             42                  1          0          1     
67             46                  1          0          0     
68             7                   1          0          0     
69             8                   1          0          0     
70             29                  1          0          0     
71             12                  1          1          1     
72             24                  1          0          0     
73             26                  1          0          0     
74             8                   1          0          0     
75             14                  1          0          1     
76             34                  1          1          1     
77             49                  1          0          1     
78             22                  1          0          1     
79             10                  1          0          0     
80             43                  1          0          0     
81             48                  1          0          0     
82             34                  1          1          1     
83             22                  1          0          1     
84             23                  1          0          0     
85             40                  1          0          0     
86             46                  1          0          0     
87             44                  1          1          0     
88             44                  1          0          0     
89             44                  1          1          0     
90             14                  1          0          1     
91             39                  1          0          1     
92             44                  1          1          0     
93             37                  1          1          0     
94             33                  1          1          0     
95             43                  1          0          0     
96             32                  1          0          0     
97             7                   1          1          0     
98             30                  1          1          1     
99             46                  1          1          0     
100            1                   1          0          1     
101            25                  1          1          0     
102            6                   1          1          0     
103            46                  1          0          0     
104            3                   1          1          1     
105            46                  1          0          0     
106            5                   1          1          1     
107            40                  1          1          0     
108            10                  1          0          0     
109            44                  1          1          0     
110            48                  1          0          0     
111            29                  1          0          0     
112            39                  1          0          1     
113            44                  1          0          0     
114            24                  1          0          0     
115            13                  1          0          0     
116            16                  1          0          0     
117            33                  1          0          0     
118            10                  1          0          0     
119            11                  1          0          0     
120            7                   1          0          0     
121            25                  1          1          0     
122            8                   1          0          0     
123            10                  1          0          0     
124            29                  1          1          0     
125            10                  1          0          0     
126            11                  1          0          0     
127            46                  1          1          0     
128            2                   1          0          0     
129            16                  1          0          0     
130            18                  1          1          1     
131            45                  1          0          0     
132            41                  1          0          0     
133            11                  1          0          0     
134            44                  1          1          0     
135            9                   1          1          1     
136            4                   1          0          1     
137            7                   1          0          0     
138            41                  1          0          0     
139            6                   1          1          0     
140            14                  1          1          1     
141            48                  1          0          0     
142            30                  1          0          1     
143            23                  1          0          0     
144            30                  1          0          1     
145            20                  1          1          0     
146            34                  1          0          1     
147            39                  1          1          1     
148            23                  1          0          0     
149            36                  1          1          0     
150            29                  1          0          0     
151            30                  1          0          1     
152            11                  1          0          0     
153            36                  1          1          0     
154            19                  1          0          1     
155            11                  1          0          0     
156            1                   1          0          1     
157            8                   1          1          0     
158            4                   1          0          1     
159            38                  1          1          0     
160            22                  1          1          1     
161            26                  1          1          0     
162            21                  1          1          0     
163            44                  1          0          0     
164            20                  1          0          0     
165            6                   1          0          0     
166            8                   1          0          0     
167            9                   1          0          1     
168            15                  1          1          1     
169            41                  1          1          0     
170            1                   1          0          1     
171            41                  1          1          0     
172            37                  1          0          0     
173            7                   1          0          0     
174            15                  1          1          1     
175            11                  1          0          0     
176            41                  1          0          0     
177            28                  1          0          0     
178            1                   1          0          1     
179            10                  1          1          0     
180            3                   1          1          1     
181            6                   1          0          0     
182            44                  1          0          0     
183            46                  1          0          0     
184            42                  1          1          1     
185            24                  1          1          0     
186            37                  1          1          0     
187            0                   1          1          0     
188            18                  1          1          1     
189            13                  1          1          0     
190            12                  1          0          1     
191            44                  1          1          0     
192            24                  1          0          0     
193            33                  1          0          0     
194            8                   1          1          0     
195            6                   1          1          0     
196            46                  1          1          0     
197            24                  1          1          0     
198            48                  1          0          0     
199            29                  1          0          0     
200            2                   1          0          0     
201            1                   1          0          1     
202            1                   1          0          1     
203            34                  1          0          1     
204            42                  1          0          1     
205            47                  1          0          0     
206            17                  1          0          0     
207            46                  1          1          0     
208            45                  1          0          0     
209            29                  1          0          0     
210            40                  1          1          0     
211            45                  1          0          0     
212            22                  1          1          1     
213            38                  1          1          0     
214            44                  1          1          0     
215            1                   1          0          1     
216            41                  1          0          0     
217            15                  1          1          1     
218            44                  1          0          0     
219            34                  1          0          1     
220            49                  1          0          1     
221            15                  1          1          1     
222            43                  1          0          0     
223            33                  1          0          0     
224            10                  1          0          0     
225            13                  1          0          0     
226            19                  1          0          1     
227            37                  1          0          0     
228            42                  1          1          1     
229            44                  1          1          0     
230            32                  1          0          0     
231            8                   1          1          0     
232            39                  1          1          1     
233            16                  1          0          0     
234            6                   1          1          0     
235            44                  1          0          0     
236            39                  1          0          1     
237            1                   1          0          1     
238            46                  1          0          0     
239            35                  1          1          0     
240            13                  1          0          0     
241            11                  1          0          0     
242            23                  1          0          0     
243            26                  1          0          0     
244            34                  1          1          1     
245            10                  1          0          0     
246            40                  1          1          0     
247            30                  1          0          1     
248            7                   1          0          0     
249            35                  1          0          0     
250            8                   1          0          0     
251            28                  1          0          0     
252            15                  1          1          1     
253            6                   1          1          0     
254            45                  1          0          0     
255            6                   1          1          0     
256            6                   1          0          0     
257            10                  1          0          0     
258            40                  1          0          0     
259            20                  1          1          0     
260            5                   1          0          1     
261            44                  1          0          0     
262            13                  1          0          0     
263            25                  1          1          0     
264            44                  1          0          0     
265            20                  1          1          0     
266            10                  1          0          0     
267            47                  1          0          0     
268            19                  1          1          1     
269            40                  1          1          0     
270            20                  1          0          0     
271            44                  1          0          0     
272            6                   1          0          0     
273            46                  1          1          0     
274            18                  1          0          1     
275            46                  1          0          0     
276            41                  1          1          0     
277            11                  1          0          0     
278            34                  1          1          1     
279            37                  1          0          0     
280            8                   1          0          0     
281            48                  1          0          0     
282            2                   1          0          0     
283            24                  1          0          0     
284            15                  1          0          1     
285            45                  1          1          0     
Prediction accuracy  = 178 out of 286 (62.24%)
--- Session ended : 2021-08-25-161048
