--- Session started : 2021-08-15-145952
Algorithm being used is 'None'

Test Record    Best Match     Similarity  Predicted   Calculated  
Number         Record         Measure     Outcome     Outcome     
0              288                 1          1          1     
1              79                  1          1          1     
2              318                 1          0          0     
3              250                 1          1          0     
4              343                 1          1          0     
5              230                 1          0          0     
6              61                  1          0          0     
7              357                 1          1          1     
8              84                  1          0          0     
9              302                 1          0          0     
10             188                 1          0          0     
11             37                  1          0          0     
12             197                 1          0          0     
13             73                  1          0          0     
14             42                  1          0          0     
15             89                  1          1          1     
16             339                 1          0          0     
17             34                  1          0          0     
18             257                 1          1          1     
19             100                 1          1          0     
20             130                 1          1          1     
21             369                 1          1          1     
22             134                 1          0          1     
23             127                 1          1          1     
24             195                 1          1          1     
25             326                 1          1          0     
26             362                 1          0          0     
27             382                 1          0          0     
28             48                  1          0          0     
29             367                 1          0          0     
30             203                 1          1          0     
31             55                  1          1          1     
32             144                 1          0          0     
33             195                 1          1          1     
34             331                 1          1          1     
35             236                 1          0          0     
36             367                 1          1          0     
37             79                  1          1          1     
38             187                 1          1          1     
39             325                 1          0          0     
40             360                 1          0          0     
41             108                 1          0          0     
42             35                  1          1          0     
43             155                 1          0          0     
44             359                 1          1          1     
45             92                  1          0          1     
46             307                 1          0          0     
47             180                 1          0          0     
48             48                  1          1          0     
49             353                 1          0          0     
50             67                  1          0          0     
51             296                 1          0          0     
52             92                  1          1          1     
53             155                 1          0          0     
54             76                  1          0          0     
55             104                 1          1          1     
56             40                  1          1          0     
57             104                 1          1          1     
58             368                 1          0          0     
59             344                 1          1          1     
60             145                 1          1          1     
61             164                 1          0          0     
62             117                 1          1          1     
63             336                 1          0          0     
64             70                  1          0          0     
65             224                 1          0          0     
66             100                 1          0          0     
67             309                 1          1          1     
68             138                 1          0          0     
69             92                  1          1          1     
70             216                 1          0          0     
71             310                 1          1          0     
72             239                 1          1          0     
73             203                 1          0          0     
74             212                 1          1          1     
75             191                 1          0          0     
76             152                 1          0          0     
77             325                 1          0          0     
78             69                  1          0          0     
79             115                 1          1          1     
80             257                 1          0          1     
81             50                  1          1          0     
82             322                 1          0          0     
83             341                 1          1          1     
84             31                  1          0          0     
85             154                 1          1          1     
86             179                 1          1          1     
87             311                 1          1          0     
88             61                  1          0          0     
89             119                 1          0          0     
90             247                 1          0          0     
91             103                 1          1          1     
92             67                  1          0          0     
93             311                 1          0          0     
94             383                 1          0          0     
95             355                 1          0          0     
96             152                 1          0          0     
97             350                 1          0          1     
98             383                 1          0          0     
99             109                 1          0          1     
100            369                 1          1          1     
101            257                 1          0          1     
102            37                  1          1          0     
103            61                  1          0          0     
104            102                 1          0          0     
105            225                 1          0          1     
106            339                 1          1          0     
107            75                  1          1          0     
108            359                 1          0          1     
109            205                 1          0          0     
110            204                 1          1          1     
111            141                 1          0          1     
112            351                 1          0          0     
113            217                 1          1          1     
114            343                 1          1          0     
115            135                 1          0          0     
116            15                  1          1          1     
117            225                 1          1          1     
118            264                 1          0          0     
119            67                  1          1          0     
120            205                 1          0          0     
121            212                 1          1          1     
122            228                 1          0          0     
123            163                 1          0          0     
124            145                 1          0          1     
125            134                 1          1          1     
126            256                 1          0          0     
127            73                  1          0          0     
128            244                 1          0          0     
129            138                 1          0          0     
130            191                 1          1          0     
131            314                 1          0          0     
132            119                 1          0          0     
133            155                 1          0          0     
134            208                 1          1          1     
135            252                 1          0          0     
136            234                 1          0          0     
137            301                 1          1          1     
138            233                 1          0          0     
139            257                 1          1          1     
140            344                 1          1          1     
141            338                 1          0          0     
142            219                 1          0          0     
143            211                 1          0          0     
144            197                 1          0          0     
145            367                 1          1          0     
146            237                 1          0          0     
147            81                  1          0          0     
148            204                 1          1          1     
149            179                 1          1          1     
150            84                  1          0          0     
151            67                  1          0          0     
152            132                 1          0          0     
153            224                 1          0          0     
154            239                 1          0          0     
155            209                 1          1          1     
156            322                 1          1          0     
157            186                 1          1          0     
158            204                 1          0          1     
159            125                 1          0          0     
160            225                 1          0          1     
161            147                 1          0          0     
162            367                 1          0          0     
163            237                 1          0          0     
164            203                 1          0          0     
165            68                  1          0          0     
166            299                 1          1          0     
167            37                  1          1          0     
168            92                  1          0          1     
169            233                 1          0          0     
170            141                 1          0          1     
171            59                  1          0          0     
172            49                  1          1          1     
173            101                 1          0          0     
174            324                 1          0          0     
175            40                  1          0          0     
176            230                 1          0          0     
177            87                  1          1          1     
178            151                 1          1          1     
179            203                 1          0          0     
180            294                 1          0          0     
181            126                 1          0          0     
182            25                  1          0          0     
183            230                 1          0          0     
184            132                 1          0          0     
185            86                  1          0          0     
186            167                 1          0          0     
187            119                 1          0          0     
188            233                 1          0          0     
189            186                 1          0          0     
190            220                 1          0          0     
191            146                 1          1          1     
192            187                 1          1          1     
193            216                 1          0          0     
194            294                 1          1          0     
195            216                 1          0          0     
196            326                 1          1          0     
197            245                 1          0          0     
198            143                 1          1          1     
199            199                 1          1          1     
200            242                 1          1          1     
201            255                 1          0          0     
202            350                 1          0          1     
203            351                 1          0          0     
204            213                 1          1          1     
205            375                 1          0          0     
206            299                 1          1          0     
207            64                  1          0          1     
208            343                 1          1          0     
209            225                 1          1          1     
210            344                 1          0          1     
211            106                 1          1          1     
212            199                 1          1          1     
213            340                 1          1          1     
214            354                 1          1          1     
215            127                 1          1          1     
216            40                  1          0          0     
217            62                  1          1          1     
218            23                  1          0          0     
219            72                  1          0          0     
220            61                  1          0          0     
221            190                 1          0          0     
222            188                 1          0          0     
223            115                 1          1          1     
224            375                 1          1          0     
225            269                 1          1          1     
226            306                 1          0          0     
227            288                 1          1          1     
228            208                 1          1          1     
229            320                 1          0          0     
230            245                 1          0          0     
231            109                 1          0          1     
232            58                  1          0          0     
233            37                  1          1          0     
234            337                 1          1          1     
235            208                 1          1          1     
236            106                 1          1          1     
237            216                 1          0          0     
238            91                  1          0          0     
239            103                 1          1          1     
240            85                  1          1          1     
241            152                 1          0          0     
242            83                  1          1          0     
243            318                 1          0          0     
244            32                  1          1          0     
245            225                 1          0          1     
246            85                  1          0          1     
247            24                  1          0          0     
248            35                  1          0          0     
249            369                 1          1          1     
250            122                 1          1          1     
251            51                  1          0          0     
252            23                  1          0          0     
253            191                 1          0          0     
254            39                  1          0          0     
255            182                 1          0          0     
256            342                 1          0          0     
257            167                 1          0          0     
258            206                 1          0          0     
259            13                  1          0          0     
260            257                 1          0          1     
261            309                 1          1          1     
262            143                 1          1          1     
263            343                 1          1          0     
264            89                  1          0          1     
265            83                  1          0          0     
266            247                 1          0          0     
267            225                 1          0          1     
268            23                  1          0          0     
269            103                 1          1          1     
270            164                 1          0          0     
271            270                 1          1          1     
272            12                  1          1          1     
273            246                 1          1          1     
274            378                 1          1          1     
275            252                 1          0          0     
276            205                 1          0          0     
277            216                 1          0          0     
278            324                 1          0          0     
279            232                 1          1          0     
280            232                 1          1          0     
281            309                 1          1          1     
282            84                  1          0          0     
283            216                 1          0          0     
284            61                  1          0          0     
285            79                  1          1          1     
286            210                 1          0          0     
287            29                  1          0          0     
288            284                 1          1          1     
289            108                 1          0          0     
290            35                  1          1          0     
291            73                  1          0          0     
292            281                 1          0          0     
293            119                 1          0          0     
294            362                 1          0          0     
295            58                  1          0          0     
296            176                 1          0          0     
297            188                 1          0          0     
298            326                 1          1          0     
299            132                 1          0          0     
300            169                 1          0          1     
301            197                 1          0          0     
302            135                 1          0          0     
303            194                 1          0          0     
304            34                  1          0          0     
305            83                  1          0          0     
306            89                  1          0          1     
307            375                 1          1          0     
308            0                   1          1          0     
309            294                 1          1          0     
310            233                 1          0          0     
311            132                 1          0          0     
312            294                 1          0          0     
313            326                 1          0          0     
314            257                 1          1          1     
315            320                 1          0          0     
316            24                  1          0          0     
317            62                  1          1          1     
318            329                 1          0          1     
319            6                   1          1          1     
320            170                 1          0          0     
321            332                 1          0          0     
322            147                 1          1          0     
323            245                 1          1          0     
324            213                 1          1          1     
325            253                 1          0          0     
326            233                 1          1          0     
327            171                 1          0          0     
328            312                 1          0          0     
329            286                 1          0          0     
330            319                 1          0          0     
331            115                 1          1          1     
332            93                  1          1          1     
333            135                 1          0          0     
334            134                 1          1          1     
335            121                 1          1          1     
336            297                 1          1          1     
337            172                 1          0          0     
338            59                  1          0          0     
339            208                 1          0          1     
340            241                 1          0          0     
341            205                 1          0          0     
342            212                 1          1          1     
343            27                  1          0          0     
344            175                 1          0          0     
345            138                 1          0          0     
346            195                 1          1          1     
347            148                 1          0          0     
348            81                  1          1          0     
349            328                 1          0          0     
350            376                 1          1          1     
351            134                 1          1          1     
352            153                 1          0          0     
353            196                 1          0          0     
354            348                 1          1          0     
355            217                 1          1          1     
356            366                 1          0          0     
357            169                 1          0          1     
358            61                  1          0          0     
359            208                 1          1          1     
360            197                 1          1          0     
361            276                 1          0          0     
362            176                 1          0          0     
363            17                  1          0          0     
364            342                 1          0          0     
365            83                  1          1          0     
366            353                 1          0          0     
367            208                 1          1          1     
368            89                  1          1          1     
369            245                 1          1          0     
370            224                 1          0          0     
371            340                 1          1          1     
372            186                 1          1          0     
373            36                  1          0          0     
374            157                 1          0          0     
375            270                 1          0          1     
376            324                 1          0          0     
377            233                 1          1          0     
378            344                 1          1          1     
379            342                 1          0          0     
380            282                 1          0          0     
381            329                 1          0          1     
382            203                 1          0          0     
383            81                  1          1          0     
384            342                 1          0          0     
385            368                 1          0          0     
386            195                 1          1          1     
387            219                 1          0          0     
388            138                 1          0          0     
389            64                  1          0          1     
390            146                 1          1          1     
391            17                  1          0          0     
392            368                 1          0          0     
393            249                 1          0          0     
394            128                 1          0          0     
395            169                 1          0          1     
396            176                 1          0          0     
397            350                 1          1          1     
398            70                  1          0          0     
399            197                 1          1          0     
400            335                 1          0          0     
401            131                 1          0          0     
402            127                 1          1          1     
403            101                 1          0          0     
404            203                 1          0          0     
405            360                 1          0          0     
406            286                 1          0          0     
407            233                 1          0          0     
408            199                 1          1          1     
409            316                 1          0          0     
410            204                 1          1          1     
411            348                 1          0          0     
412            271                 1          0          0     
413            250                 1          0          0     
414            13                  1          0          0     
415            210                 1          0          0     
416            278                 1          0          0     
417            180                 1          0          0     
418            274                 1          0          0     
419            76                  1          0          0     
420            206                 1          0          0     
421            228                 1          0          0     
422            69                  1          0          0     
423            134                 1          1          1     
424            234                 1          0          0     
425            245                 1          1          0     
426            264                 1          0          0     
427            195                 1          1          1     
428            256                 1          0          0     
429            205                 1          0          0     
430            163                 1          0          0     
431            112                 1          0          0     
432            102                 1          0          0     
433            255                 1          0          0     
434            277                 1          0          0     
435            192                 1          1          0     
436            155                 1          0          0     
437            138                 1          0          0     
438            197                 1          0          0     
439            331                 1          1          1     
440            168                 1          1          1     
441            93                  1          1          1     
442            216                 1          0          0     
443            123                 1          0          0     
444            235                 1          0          0     
445            19                  1          1          1     
446            133                 1          0          0     
447            343                 1          1          0     
448            40                  1          0          0     
449            183                 1          0          0     
450            120                 1          0          0     
451            252                 1          0          0     
452            219                 1          0          0     
453            195                 1          1          1     
454            296                 1          0          0     
455            378                 1          1          1     
456            103                 1          0          1     
457            157                 1          1          0     
458            273                 1          0          0     
459            365                 1          1          1     
460            225                 1          0          1     
461            299                 1          1          0     
462            294                 1          0          0     
463            67                  1          0          0     
464            108                 1          1          0     
465            124                 1          0          0     
466            136                 1          0          0     
467            115                 1          1          1     
468            88                  1          1          1     
469            92                  1          1          1     
470            179                 1          1          1     
471            147                 1          1          0     
472            37                  1          1          0     
473            41                  1          0          0     
474            327                 1          1          1     
475            270                 1          1          1     
476            75                  1          0          0     
477            75                  1          1          0     
478            120                 1          0          0     
479            141                 1          0          1     
480            348                 1          1          0     
481            344                 1          1          1     
482            362                 1          0          0     
483            64                  1          0          1     
484            271                 1          0          0     
485            320                 1          0          0     
486            343                 1          1          0     
487            18                  1          1          1     
488            140                 1          0          0     
489            182                 1          0          0     
490            338                 1          0          0     
491            112                 1          0          0     
492            138                 1          0          0     
493            68                  1          0          0     
494            237                 1          0          0     
495            366                 1          0          0     
496            349                 1          0          0     
497            29                  1          0          0     
498            147                 1          1          0     
499            360                 1          0          0     
500            194                 1          0          0     
501            239                 1          0          0     
502            286                 1          0          0     
503            208                 1          0          1     
504            79                  1          1          1     
505            225                 1          0          1     
506            234                 1          0          0     
507            89                  1          1          1     
508            196                 1          0          0     
509            319                 1          0          0     
510            212                 1          1          1     
511            246                 1          1          1     
512            131                 1          0          0     
513            142                 1          0          0     
514            129                 1          1          1     
515            365                 1          1          1     
516            53                  1          0          0     
517            26                  1          1          1     
518            222                 1          1          1     
519            134                 1          1          1     
520            240                 1          0          0     
521            157                 1          1          0     
522            50                  1          0          0     
523            27                  1          0          0     
524            189                 1          0          0     
525            348                 1          0          0     
526            324                 1          0          0     
527            131                 1          0          0     
528            256                 1          0          0     
529            58                  1          0          0     
530            234                 1          0          0     
531            271                 1          0          0     
532            110                 1          1          1     
533            194                 1          0          0     
534            208                 1          0          1     
535            219                 1          0          0     
536            109                 1          1          1     
537            53                  1          0          0     
538            208                 1          1          1     
539            355                 1          1          0     
540            237                 1          0          0     
541            32                  1          0          0     
542            349                 1          0          0     
543            355                 1          0          0     
544            307                 1          1          0     
545            53                  1          0          0     
546            245                 1          0          0     
547            64                  1          0          1     
548            289                 1          1          1     
549            112                 1          0          0     
550            100                 1          0          0     
551            188                 1          0          0     
552            163                 1          1          0     
553            151                 1          0          1     
554            103                 1          0          1     
555            368                 1          0          0     
556            343                 1          1          0     
557            95                  1          0          0     
558            141                 1          0          1     
559            382                 1          0          0     
560            83                  1          1          0     
561            90                  1          0          0     
562            155                 1          0          0     
563            262                 1          0          0     
564            339                 1          1          0     
565            319                 1          0          0     
566            230                 1          0          0     
567            61                  1          0          0     
568            110                 1          0          1     
569            160                 1          0          1     
570            262                 1          0          0     
571            228                 1          0          0     
572            116                 1          0          0     
573            208                 1          1          1     
574            35                  1          1          0     
575            217                 1          0          1     
Prediction accuracy  = 458 out of 576 (79.51%)
--- Session ended : 2021-08-15-145952
