--- Session started : 2021-08-19-170427
Algorithm being used is 'None'

Test Record    Best Match     Similarity  Predicted   Calculated  
Number         Record         Measure     Outcome     Outcome     
0              79                  1          0          0     
1              60                  1          0          0     
2              60                  1          0          0     
3              121                 1          0          0     
4              32                  1          1          0     
5              163                 1          1          0     
6              58                  1          0          0     
7              123                 1          1          0     
8              104                 1          0          0     
9              8                   1          0          1     
10             183                 1          1          0     
11             123                 1          0          0     
12             27                  1          1          0     
13             46                  1          0          0     
14             55                  1          0          0     
15             155                 1          0          0     
16             25                  1          0          0     
17             132                 1          1          0     
18             43                  1          1          0     
19             60                  1          0          0     
20             115                 1          0          0     
21             148                 1          0          1     
22             104                 1          0          0     
23             42                  1          0          0     
24             72                  1          1          1     
25             158                 1          0          0     
26             175                 1          0          0     
27             132                 1          1          0     
28             88                  1          1          0     
29             148                 1          1          1     
30             93                  1          1          1     
31             172                 1          0          0     
32             7                   1          1          0     
33             15                 0.8         1          0     
34             157                 1          0          0     
35             154                 1          0          0     
36             125                 1          1          0     
37             191                 1          0          0     
38             107                 1          0          0     
39             29                  1          0          1     
40             5                   1          0          0     
41             125                 1          0          0     
42             31                  1          0          0     
43             182                 1          1          0     
44             3                   1          0          1     
45             84                  1          0          1     
46             37                  1          0          0     
47             44                  1          1          0     
48             92                  1          0          0     
49             8                   1          0          1     
50             123                 1          0          0     
51             69                  1          1          0     
52             135                 1          1          1     
53             61                  1          1          0     
54             178                0.8         0          0     
55             176                 1          1          0     
56             3                   1          0          1     
57             78                  1          1          0     
58             64                  1          1          1     
59             50                  1          0          0     
60             51                  1          0          0     
61             24                  1          0          0     
62             151                 1          1          0     
63             132                 1          1          0     
64             182                 1          0          0     
65             116                 1          0          0     
66             152                 1          1          1     
67             39                  1          0          0     
68             26                  1          1          1     
69             22                  1          0          0     
70             60                  1          1          0     
71             37                  1          0          0     
72             36                  1          0          0     
73             154                 1          0          0     
74             58                  1          0          0     
75             191                 1          1          0     
76             40                  1          1          0     
77             44                  1          0          0     
78             27                  1          0          0     
79             162                 1          0          0     
80             60                  1          0          0     
81             110                 1          1          1     
82             105                 1          0          1     
83             77                  1          0          0     
84             88                  1          1          0     
85             48                  1          0          1     
86             51                  1          1          0     
87             176                 1          1          0     
88             134                 1          1          0     
89             137                 1          0          1     
90             109                 1          1          1     
91             89                  1          0          0     
92             176                 1          1          0     
93             164                 1          0          0     
94             179                 1          0          0     
95             16                  1          0          1     
96             49                  1          0          0     
97             50                  1          0          0     
98             29                  1          0          1     
99             71                  1          0          0     
100            6                   1          0          0     
101            110                 1          1          1     
102            11                  1          0          1     
103            163                 1          1          0     
104            134                 1          0          0     
105            26                  1          0          1     
106            182                 1          1          0     
107            29                  1          0          1     
108            45                  1          0          0     
109            145                 1          0          0     
110            108                 1          1          1     
111            6                   1          1          0     
112            191                 1          0          0     
113            125                 1          0          0     
114            80                  1          0          0     
115            54                  1          1          0     
116            43                  1          1          0     
117            44                  1          0          0     
118            26                  1          1          1     
119            25                  1          1          0     
120            38                  1          0          0     
121            25                  1          0          0     
122            32                  1          1          0     
123            66                  1          1          1     
124            43                  1          1          0     
125            98                  1          1          0     
126            58                  1          0          0     
127            42                  1          1          0     
128            132                 1          0          0     
129            24                  1          0          0     
130            156                 1          1          1     
131            159                 1          0          0     
132            174                 1          0          0     
133            71                  1          1          0     
134            46                  1          0          0     
135            24                  1          0          0     
136            38                  1          0          0     
137            95                  1          0          0     
138            183                 1          0          0     
139            154                 1          1          0     
140            100                 1          1          1     
141            108                 1          0          1     
142            121                 1          0          0     
143            104                 1          0          0     
144            66                  1          0          1     
145            60                  1          0          0     
146            23                  1          0          1     
147            152                 1          0          1     
148            189                 1          1          0     
149            97                  1          0          1     
150            70                  1          0          0     
151            42                  1          1          0     
152            25                  1          1          0     
153            149                 1          0          0     
154            44                  1          0          0     
155            93                  1          0          1     
156            54                  1          1          0     
157            44                  1          0          0     
158            44                  1          1          0     
159            90                  1          0          0     
160            20                  1          1          0     
161            183                 1          0          0     
162            68                  1          1          0     
163            179                 1          0          0     
164            73                  1          1          1     
165            170                 1          1          1     
166            118                 1          0          0     
167            80                  1          0          0     
168            101                 1          0          0     
169            1                   1          0          1     
170            64                  1          1          1     
171            70                  1          0          0     
172            33                  1          0          0     
173            65                  1          1          0     
174            52                  1          1          1     
175            57                  1          0          1     
176            174                 1          1          0     
177            188                 1          1          1     
178            58                  1          0          0     
179            85                  1          0          0     
180            85                  1          0          0     
181            51                  1          1          0     
182            92                  1          1          0     
183            98                  1          0          0     
184            34                  1          0          1     
185            144                 1          0          0     
186            108                 1          1          1     
187            134                 1          0          0     
188            32                  1          0          0     
189            164                 1          0          0     
190            168                 1          0          0     
191            104                 1          0          0     
192            99                  1          0          0     
193            116                 1          0          0     
194            67                  1          1          0     
195            57                  1          0          1     
196            60                  1          1          0     
197            68                  1          1          0     
198            60                  1          0          0     
199            46                  1          1          0     
200            107                 1          0          0     
201            49                  1          0          0     
202            42                  1          1          0     
203            179                 1          0          0     
204            50                  1          0          0     
205            164                 1          0          0     
206            164                 1          0          0     
207            145                 1          0          0     
208            143                 1          0          0     
209            47                  1          1          0     
210            67                  1          1          0     
211            102                 1          0          0     
212            46                  1          0          0     
213            74                  1          0          0     
214            159                 1          0          0     
215            10                  1          1          1     
216            108                 1          1          1     
217            26                  1          1          1     
218            176                 1          0          0     
219            58                  1          0          0     
220            74                  1          0          0     
221            54                  1          0          0     
222            12                  1          0          0     
223            120                 1          0          0     
224            152                 1          1          1     
225            86                  1          0          1     
226            58                  1          0          0     
227            12                  1          0          0     
228            54                  1          1          0     
229            159                 1          1          0     
230            63                  1          0          0     
231            30                  1          1          0     
232            75                 0.8         0          0     
233            73                  1          1          1     
234            59                  1          0          0     
235            74                  1          0          0     
236            23                  1          1          1     
237            122                 1          0          0     
238            1                   1          0          1     
239            128                 1          1          1     
240            98                  1          0          0     
241            158                 1          1          0     
242            60                  1          0          0     
243            43                  1          1          0     
244            162                 1          0          0     
245            45                  1          0          0     
246            141                 1          0          0     
247            20                  1          0          0     
248            24                  1          0          0     
249            154                 1          1          0     
250            182                 1          0          0     
251            55                  1          0          0     
252            110                 1          1          1     
253            114                 1          1          0     
254            145                 1          1          0     
255            74                  1          0          0     
256            72                  1          1          1     
257            25                  1          0          0     
258            78                  1          1          0     
259            169                 1          0          1     
260            174                 1          0          0     
261            55                  1          0          0     
262            78                  1          0          0     
263            58                  1          1          0     
264            56                  1          0          1     
265            132                 1          1          0     
266            109                 1          1          1     
267            29                  1          0          1     
268            81                  1          0          1     
269            163                 1          0          0     
270            7                   1          1          0     
271            83                  1          1          0     
272            77                  1          1          0     
273            182                 1          0          0     
274            29                  1          0          1     
275            36                  1          0          0     
276            110                 1          0          1     
277            104                 1          0          0     
278            107                 1          0          0     
279            132                 1          1          0     
280            39                  1          0          0     
281            15                 0.8         0          0     
282            60                  1          0          0     
283            173                 1          1          1     
284            33                  1          0          0     
285            43                  1          0          0     
286            91                  1          0          0     
287            152                 1          1          1     
288            49                  1          0          0     
289            181                 1          1          0     
290            125                 1          1          0     
291            27                  1          0          0     
292            106                 1          0          0     
293            183                 1          0          0     
294            27                  1          0          0     
295            27                  1          0          0     
296            145                 1          0          0     
297            60                  1          0          0     
298            76                  1          0          0     
299            33                  1          0          0     
300            51                  1          0          0     
301            81                  1          0          1     
302            164                 1          0          0     
303            105                 1          1          1     
304            97                  1          1          1     
305            179                 1          1          0     
306            57                  1          1          1     
307            17                  1          0          0     
308            22                  1          0          0     
309            142                 1          0          0     
310            33                  1          0          0     
311            125                 1          1          0     
312            68                  1          1          0     
313            60                  1          0          0     
314            51                  1          1          0     
315            43                  1          0          0     
316            168                 1          0          0     
317            127                 1          0          0     
318            36                  1          0          0     
319            32                  1          1          0     
320            39                  1          1          0     
321            80                  1          1          0     
322            112                 1          0          0     
323            85                  1          0          0     
324            20                  1          0          0     
325            86                  1          1          1     
326            73                  1          1          1     
327            37                  1          0          0     
328            98                  1          0          0     
329            104                 1          0          0     
330            92                  1          0          0     
331            61                  1          0          0     
332            10                  1          1          1     
333            38                  1          0          0     
334            98                  1          1          0     
335            48                  1          0          1     
336            102                 1          0          0     
337            21                  1          1          0     
338            73                  1          0          1     
339            68                  1          1          0     
340            147                 1          0          0     
341            134                 1          0          0     
342            42                  1          1          0     
343            61                  1          0          0     
344            153                 1          0          0     
345            191                 1          0          0     
346            140                 1          0          0     
347            44                  1          0          0     
348            9                   1          1          1     
349            132                 1          1          0     
350            115                 1          0          0     
351            157                 1          0          0     
352            134                 1          1          0     
353            58                  1          0          0     
354            147                 1          1          0     
355            160                 1          0          0     
356            18                  1          0          0     
357            32                  1          0          0     
358            163                 1          0          0     
359            191                 1          0          0     
360            135                 1          1          1     
361            164                 1          0          0     
362            21                  1          0          0     
363            139                 1          1          0     
364            45                  1          0          0     
365            73                  1          1          1     
366            179                 1          1          0     
367            191                 1          1          0     
368            58                  1          0          0     
369            103                 1          1          0     
370            30                  1          0          0     
371            141                 1          0          0     
372            129                 1          0          1     
373            165                 1          1          0     
374            100                 1          0          1     
375            55                  1          0          0     
376            32                  1          0          0     
377            71                  1          1          0     
378            32                  1          1          0     
379            98                  1          0          0     
380            109                 1          1          1     
381            112                 1          0          0     
382            81                  1          0          1     
383            144                 1          0          0     
384            21                  1          0          0     
385            79                  1          1          0     
386            12                  1          0          0     
387            84                  1          1          1     
388            103                 1          1          0     
389            179                 1          1          0     
390            57                  1          0          1     
391            95                  1          0          0     
392            80                  1          0          0     
393            100                 1          0          1     
394            181                 1          1          0     
395            154                 1          1          0     
396            129                 1          0          1     
397            68                  1          0          0     
398            74                  1          1          0     
399            32                  1          1          0     
400            103                 1          0          0     
401            168                 1          0          0     
402            132                 1          1          0     
403            152                 1          1          1     
404            102                 1          0          0     
405            23                  1          1          1     
406            110                 1          1          1     
407            181                 1          0          0     
408            187                 1          0          1     
409            18                  1          0          0     
410            65                  1          0          0     
411            30                  1          0          0     
412            174                 1          0          0     
413            30                  1          0          0     
414            16                  1          1          1     
415            129                 1          1          1     
416            60                  1          0          0     
417            62                  1          0          0     
418            90                  1          0          0     
419            3                   1          0          1     
420            5                   1          0          0     
421            156                 1          1          1     
422            92                  1          0          0     
423            61                  1          1          0     
424            152                 1          1          1     
425            20                  1          0          0     
426            53                  1          0          1     
427            128                 1          1          1     
428            17                  1          0          0     
429            73                  1          1          1     
430            51                  1          1          0     
431            81                  1          0          1     
432            45                  1          0          0     
433            42                  1          1          0     
434            42                  1          0          0     
435            50                  1          0          0     
436            102                 1          1          0     
437            69                  1          0          0     
438            127                 1          1          0     
439            104                 1          0          0     
440            60                  1          0          0     
441            191                 1          0          0     
442            167                 1          1          0     
443            105                 1          0          1     
444            81                  1          0          1     
445            148                 1          1          1     
446            146                 1          0          0     
447            16                  1          0          1     
448            159                 1          1          0     
449            33                  1          0          0     
450            182                 1          0          0     
451            176                 1          1          0     
452            78                  1          0          0     
453            134                 1          0          0     
454            106                 1          0          0     
455            16                  1          0          1     
456            156                 1          1          1     
457            6                   1          0          0     
458            85                  1          0          0     
459            162                 1          0          0     
460            74                  1          0          0     
461            0                   1          0          0     
462            84                  1          0          1     
463            152                 1          0          1     
464            183                 1          0          0     
465            26                  1          1          1     
466            51                  1          1          0     
467            60                  1          0          0     
468            21                  1          1          0     
469            0                   1          0          0     
470            163                 1          0          0     
471            141                 1          0          0     
472            191                 1          0          0     
473            164                 1          0          0     
474            92                  1          1          0     
475            58                  1          1          0     
476            42                  1          1          0     
477            87                  1          0          1     
478            148                 1          1          1     
479            31                  1          1          0     
480            191                 1          1          0     
481            32                  1          1          0     
482            157                 1          1          0     
483            132                 1          1          0     
484            119                 1          0          0     
485            165                 1          0          0     
486            152                 1          1          1     
487            156                 1          0          1     
488            110                 1          1          1     
489            163                 1          0          0     
490            165                 1          0          0     
491            85                  1          0          0     
492            109                 1          0          1     
493            152                 1          0          1     
494            15                 0.8         1          0     
495            110                 1          1          1     
496            69                  1          0          0     
497            178                 1          0          0     
498            132                 1          1          0     
499            102                 1          0          0     
500            135                 1          1          1     
501            130                 1          1          0     
502            118                 1          1          0     
503            38                  1          1          0     
504            79                  1          1          0     
505            140                 1          1          0     
506            37                  1          1          0     
507            3                   1          0          1     
508            3                   1          1          1     
509            185                 1          0          1     
510            71                  1          1          0     
511            94                  1          0          1     
512            96                  1          1          1     
513            176                 1          1          0     
514            49                  1          1          0     
515            90                  1          0          0     
516            81                  1          1          1     
517            10                  1          1          1     
518            51                  1          0          0     
519            20                  1          1          0     
520            93                  1          0          1     
521            107                 1          0          0     
522            76                  1          0          0     
523            158                 1          0          0     
524            111                 1          0          0     
525            105                 1          1          1     
526            134                 1          1          0     
527            81                  1          1          1     
528            73                  1          0          1     
529            181                 1          0          0     
530            183                 1          0          0     
531            69                  1          0          0     
532            42                  1          0          0     
533            64                  1          0          1     
534            163                 1          0          0     
535            102                 1          0          0     
536            27                  1          1          0     
537            165                 1          1          0     
538            184                 1          1          0     
539            106                 1          0          0     
540            88                  1          0          0     
541            164                 1          1          0     
542            191                 1          1          0     
543            176                 1          1          0     
544            45                  1          0          0     
545            152                 1          0          1     
546            110                 1          1          1     
547            180                 1          0          0     
548            96                  1          0          1     
549            3                   1          0          1     
550            45                  1          0          0     
551            163                 1          0          0     
552            89                  1          0          0     
553            145                 1          0          0     
554            122                 1          0          0     
555            154                 1          0          0     
556            179                 1          0          0     
557            78                  1          0          0     
558            135                 1          0          1     
559            60                  1          0          0     
560            107                 1          0          0     
561            16                  1          0          1     
562            132                 1          1          0     
563            166                 1          0          0     
564            29                  1          0          1     
565            77                  1          0          0     
566            173                 1          1          1     
567            134                 1          1          0     
568            163                 1          0          0     
569            182                 1          0          0     
570            1                   1          0          1     
571            139                 1          1          0     
572            135                 1          1          1     
573            152                 1          1          1     
574            63                  1          0          0     
575            127                 1          0          0     
Prediction accuracy  = 363 out of 576 (63.02%)
--- Session ended : 2021-08-19-170427
