--- Session started : 2021-11-19-101219
Algorithm being used is 'None'

Test Record    Best Match     Similarity  Predicted   Calculated  
Number         Record         Measure     Outcome     Outcome     
0              9               0.99991982      0          1     
               526             0.99939460      0          0     
               666             0.99890318      0          1     
1              248             0.99984198      1          0     FN
               618             0.99948164      1          0     FN
               186             0.99838162      1          0     FN
2              584             0.99998017      0          0     
               254             0.99991506      0          1     
               242             0.99988519      0          1     
3              476             0.99997869      0          0     
               46              0.99997612      0          0     
               441             0.99996984      0          1     
4              46              0.99999050      0          0     
               305             0.99998851      0          1     
               476             0.99998833      0          0     
5              15              0.99991090      0          1     
               635             0.99990013      0          0     
               108             0.99984887      0          1     
6              70              0.99976436      1          0     FN
               319             0.99950335      1          1     FN
               457             0.99950126      1          0     FN
7              451             0.99996444      0          0     
               385             0.99989345      0          0     
               76              0.99984199      0          0     
8              56              0.99999677      0          0     
               638             0.99991831      0          1     
               239             0.99988990      0          0     
9              242             0.99986797      0          1     
               244             0.99980174      0          0     
               580             0.99977801      0          0     
10             9               0.99975632      1          1     FN
               575             0.99925152      1          0     FN
               149             0.99922031      1          0     FN
11             46              0.99996755      0          0     
               476             0.99995976      0          0     
               56              0.99991738      0          0     
12             76              0.99999495      1          0     FN
               451             0.99983541      1          0     FN
               158             0.99981845      1          0     FN
13             508             0.99992584      1          0     FN
               425             0.99985645      1          1     FN
               568             0.99983360      1          0     FN
14             532             0.99994609      0          0     
               644             0.99966281      0          0     
               29              0.99961125      0          0     
15             351             0.99997000      1          1     FN
               76              0.99994589      1          0     FN
               40              0.99986707      1          1     FN
16             56              0.99998054      1          0     FN
               46              0.99989048      1          0     FN
               476             0.99988514      1          0     FN
17             46              0.99999550      0          0     
               476             0.99999216      0          0     
               56              0.99984840      0          0     
18             630             0.99996816      0          0     
               244             0.99994745      0          0     
               476             0.99990658      0          0     
19             96              0.99975026      0          0     
               105             0.99949306      0          0     
               76              0.99945496      0          0     
20             358             0.99996915      1          1     
               395             0.99996010      1          0     
               238             0.99994460      1          1     
21             638             0.99996550      1          1     FN
               56              0.99995206      1          0     FN
               385             0.99994386      1          0     FN
22             595             0.99998814      0          0     
               458             0.99998545      0          1     
               449             0.99996582      0          0     
23             46              0.99995893      0          0     
               476             0.99995469      0          0     
               657             0.99994204      0          0     
24             46              0.99998091      0          0     
               476             0.99997633      0          0     
               294             0.99991999      0          1     
25             242             0.99997633      0          1     
               580             0.99990363      0          0     
               485             0.99983784      0          1     
26             654             0.99989111      1          0     FN
               449             0.99982283      1          0     FN
               439             0.99975687      1          0     FN
27             363             0.99966531      0          1     FP
               220             0.99952004      0          1     FP
               611             0.99951497      0          1     FP
28             206             0.99866543      1          1     
               273             0.99834833      1          1     
               485             0.99821780      1          1     
29             9               0.99981348      1          1     FN
               526             0.99962095      1          0     FN
               666             0.99957561      1          1     FN
30             43              0.99999730      0          0     
               75              0.99998625      0          0     
               182             0.99997984      0          1     
31             60              0.99996566      0          1     
               574             0.99989814      0          1     
               132             0.99989308      0          1     
32             638             0.99999206      1          1     FN
               56              0.99997869      1          0     FN
               385             0.99996382      1          0     FN
33             677             0.99949171      1          1     
               485             0.99938077      1          1     
               242             0.99914916      1          1     
34             476             0.99996939      0          0     
               46              0.99996872      0          0     
               630             0.99984148      0          0     
35             56              0.99998731      0          0     
               467             0.99997168      0          0     
               7               0.99991285      0          0     
36             581             0.99992436      0          1     
               598             0.99983257      0          0     
               49              0.99973718      0          1     
37             46              0.99998344      0          0     
               476             0.99998129      0          0     
               630             0.99975308      0          0     
38             6               0.99801884      0          1     FP
               109             0.99789199      0          0     FP
               666             0.99786495      0          1     FP
39             610             0.98260740      0          0     
               466             0.96952047      0          0     
               689             0.96785520      0          0     
40             56              0.99999214      1          0     FN
               638             0.99997976      1          1     FN
               385             0.99993831      1          0     FN
41             355             0.99968469      1          1     
               346             0.99953647      1          1     
               393             0.99948438      1          1     
42             76              0.99998730      0          0     
               453             0.99992018      0          0     
               451             0.99978978      0          0     
43             385             0.99999651      0          0     
               638             0.99999476      0          1     
               451             0.99994179      0          0     
44             46              0.99999611      0          0     
               476             0.99999487      0          0     
               56              0.99984455      0          0     
45             638             0.99999966      0          1     
               385             0.99998788      0          0     
               56              0.99994565      0          0     
46             21              0.99964203      1          0     FN
               283             0.99960723      1          0     FN
               63              0.99904007      1          0     FN
47             637             0.99867390      0          0     
               44              0.99825258      0          0     
               597             0.99744975      0          1     
48             0               0.99950051      1          1     
               544             0.99932912      1          1     
               236             0.99907428      1          1     
49             630             0.99994325      0          0     
               476             0.99987698      0          0     
               46              0.99987353      0          0     
50             385             0.99998946      0          0     
               451             0.99998654      0          0     
               638             0.99995794      0          1     
51             451             0.99999076      0          0     
               385             0.99996124      0          0     
               638             0.99991028      0          1     
52             357             0.99990152      0          0     
               586             0.99965710      0          1     
               202             0.99963809      0          0     
53             637             0.99833671      0          0     
               313             0.99795717      0          0     
               461             0.99753273      0          0     
54             229             0.99991891      0          0     
               238             0.99980801      0          1     
               476             0.99979539      0          0     
55             499             0.99991932      0          0     
               121             0.99970894      0          1     
               466             0.99941317      0          0     
56             202             0.99983381      0          0     
               425             0.99981447      0          1     
               76              0.99980546      0          0     
57             58              0.99530954      0          0     
               71              0.99475195      0          0     
               322             0.99303424      0          0     
58             451             0.99999766      0          0     
               385             0.99998008      0          0     
               638             0.99993867      0          1     
59             9               0.99981390      1          1     FN
               388             0.99956262      1          1     FN
               526             0.99945059      1          0     FN
60             227             0.99998604      1          0     FN
               134             0.99998248      1          0     FN
               660             0.99998120      1          0     FN
61             156             0.99945754      0          1     
               532             0.99936113      0          0     
               596             0.99928968      0          0     
62             638             0.99999064      0          1     
               385             0.99997720      0          0     
               56              0.99995162      0          0     
63             46              0.99999752      0          0     
               476             0.99999662      0          0     
               127             0.99983786      0          0     
64             441             0.99998296      0          1     
               476             0.99992514      0          0     
               46              0.99992171      0          0     
65             56              0.99999423      0          0     
               638             0.99992581      0          1     
               385             0.99985623      0          0     
66             398             0.99994365      0          1     
               245             0.99986257      0          1     
               476             0.99982782      0          0     
67             238             0.99995320      0          1     
               350             0.99992697      0          0     
               273             0.99990881      0          1     
68             209             0.99987559      0          1     
               564             0.99938221      0          0     
               242             0.99916635      0          1     
69             564             0.99996903      0          0     
               393             0.99995610      0          1     
               441             0.99987144      0          1     
70             245             0.99994202      1          1     FN
               300             0.99986081      1          0     FN
               273             0.99973248      1          1     FN
71             471             0.99973747      1          0     FN
               574             0.99967701      1          1     FN
               688             0.99955738      1          0     FN
72             220             0.99981979      0          1     FP
               93              0.99973546      0          0     FP
               273             0.99963300      0          1     FP
73             451             0.99996428      1          0     FN
               76              0.99991014      1          0     FN
               542             0.99989441      1          0     FN
74             245             0.99995529      0          1     FP
               22              0.99988652      0          1     FP
               273             0.99975566      0          1     FP
75             76              0.99998795      1          0     FN
               542             0.99995400      1          0     FN
               154             0.99990076      1          0     FN
76             385             0.99999332      0          0     
               638             0.99997719      0          1     
               451             0.99996134      0          0     
--- Session ended : 2021-11-19-101219
