--- Session started : 2021-08-26-142956
Algorithm being used is 'Replace Missing Values With Mean'

Test Record    Best Match     Similarity  Predicted   Calculated  
Number         Record         Measure     Outcome     Outcome     
0              324                 1          0          1     
1              46                  1          0          0     
2              191                 1          0          1     
3              191                 1          0          1     
4              156                 1          1          1     
5              200                 1          1          0     
6              340                 1          0          0     
7              376                 1          0          1     
8              257                 1          0          0     
9              203                 1          0          0     
10             94                  1          0          1     
11             293                 1          0          1     
12             49                  1          0          0     
13             116                 1          0          0     
14             80                  1          1          0     
15             280                 1          1          0     
16             68                  1          0          0     
17             46                  1          0          0     
18             450                 1          0          1     
19             171                 1          1          0     
20             449                 1          0          0     
21             118                 1          0          1     
22             68                  1          0          0     
23             208                 1          0          0     
24             117                 1          0          1     
25             264                 1          0          0     
26             104                 1          0          0     
27             214                 1          1          1     
28             436                 1          0          0     
29             316                 1          0          0     
30             116                 1          0          0     
31             140                 1          0          0     
32             158                 1          1          1     
33             268                 1          0          0     
34             452                 1          1          1     
35             364                 1          0          0     
36             334                 1          0          0     
37             370                 1          1          0     
38             230                 1          0          0     
39             331                 1          0          0     
40             49                  1          0          0     
41             155                 1          0          1     
42             269                 1          0          1     
43             248                 1          0          0     
44             283                 1          0          0     
45             98                  1          0          1     
46             94                  1          0          1     
47             164                 1          1          1     
48             38                  1          0          0     
49             441                 1          0          0     
50             395                 1          1          1     
51             135                 1          1          0     
52             246                 1          0          0     
53             73                  1          1          1     
54             459                 1          0          1     
55             56                  1          0          0     
56             101                 1          0          0     
57             226                 1          1          0     
58             228                 1          0          0     
59             212                 1          0          0     
60             91                  1          0          0     
61             358                 1          1          1     
62             352                 1          1          0     
63             415                 1          0          1     
64             212                 1          0          0     
65             80                  1          0          0     
66             83                  1          0          0     
67             271                 1          1          1     
68             89                  1          0          0     
69             214                 1          0          1     
70             380                 1          0          0     
71             186                 1          0          0     
72             345                 1          0          0     
73             221                 1          0          1     
74             16                  1          0          0     
75             367                 1          0          0     
76             173                 1          0          0     
77             283                 1          1          0     
78             429                 1          1          0     
79             244                 1          1          0     
80             283                 1          1          0     
81             71                  1          0          1     
82             257                 1          1          0     
83             230                 1          1          0     
84             298                 1          1          1     
85             8                   1          0          1     
86             67                  1          0          0     
87             72                  1          0          1     
88             34                  1          0          0     
89             223                 1          1          0     
90             353                 1          1          0     
91             93                  1          0          0     
92             340                 1          1          0     
93             340                 1          0          0     
94             109                 1          0          1     
95             117                 1          0          1     
96             46                  1          0          0     
97             93                  1          0          0     
98             424                 1          0          0     
99             116                 1          0          0     
100            190                 1          0          1     
101            358                 1          0          1     
102            418                 1          0          1     
103            405                 1          1          0     
104            119                 1          1          1     
105            358                 1          0          1     
106            84                  1          0          0     
107            393                 1          0          0     
108            228                 1          0          0     
109            309                 1          1          0     
110            120                 1          1          0     
111            257                 1          1          0     
112            375                 1          1          1     
113            449                 1          0          0     
114            45                  1          0          1     
115            188                 1          1          1     
116            304                 1          0          0     
117            141                 1          1          1     
118            295                 1          0          0     
119            52                  1          0          0     
120            438                 1          0          0     
121            164                 1          1          1     
122            125                 1          1          0     
123            247                 1          1          1     
124            265                 1          0          0     
125            63                  1          0          0     
126            419                 1          0          0     
127            382                 1          0          0     
128            57                  1          0          0     
129            143                 1          0          1     
130            458                 1          0          0     
131            54                  1          1          1     
132            340                 1          0          0     
133            436                 1          1          0     
134            344                 1          1          1     
135            115                 1          0          1     
136            357                 1          0          0     
137            41                  1          0          1     
138            437                 1          1          0     
139            26                  1          1          0     
140            74                  1          0          0     
141            116                 1          0          0     
142            373                 1          0          0     
143            104                 1          0          0     
144            189                 1          0          1     
145            251                 1          0          0     
146            82                  1          1          0     
147            396                 1          0          1     
148            403                 1          1          1     
149            327                 1          0          1     
150            129                 1          0          1     
151            271                 1          1          1     
152            181                 1          1          0     
153            151                 1          0          0     
154            119                 1          0          1     
155            108                 1          0          0     
156            11                  1          1          1     
157            384                 1          1          0     
158            200                 1          1          0     
159            274                 1          1          0     
160            147                 1          0          1     
161            314                 1          1          0     
162            454                 1          0          1     
163            212                 1          0          0     
164            127                 1          1          1     
165            340                 1          0          0     
166            384                 1          0          0     
167            207                 1          0          0     
168            212                 1          0          0     
169            183                 1          1          1     
170            157                 1          1          1     
171            317                 1          0          0     
172            200                 1          0          0     
173            402                 1          0          0     
174            198                 1          0          0     
175            205                 1          0          0     
176            252                 1          0          0     
177            345                 1          0          0     
178            165                 1          1          0     
179            153                 1          0          0     
180            285                 1          0          1     
181            316                 1          1          0     
182            255                 1          0          1     
183            163                 1          0          0     
184            73                  1          1          1     
185            384                 1          0          0     
186            436                 1          0          0     
187            130                 1          0          1     
188            343                 1          1          0     
189            309                 1          0          0     
190            325                 1          0          0     
191            287                 1          0          0     
192            243                 1          0          1     
193            410                 1          1          0     
194            54                  1          1          1     
195            67                  1          0          0     
196            157                 1          1          1     
197            211                 1          0          0     
198            209                 1          0          1     
199            240                 1          0          1     
200            207                 1          0          0     
201            298                 1          1          1     
202            451                 1          1          1     
203            245                 1          1          1     
204            331                 1          0          0     
205            52                  1          1          0     
206            97                  1          1          0     
207            131                 1          1          1     
208            218                 1          0          0     
209            320                 1          0          0     
210            397                 1          0          1     
211            436                 1          0          0     
212            300                 1          0          0     
213            416                 1          0          1     
214            165                 1          1          0     
215            34                  1          0          0     
216            100                 1          0          0     
217            269                 1          0          1     
218            358                 1          0          1     
219            59                  1          1          0     
220            15                  1          0          0     
221            437                 1          0          0     
222            362                 1          1          1     
223            117                 1          1          1     
224            197                 1          0          1     
225            369                 1          0          0     
226            271                 1          0          1     
227            255                 1          1          1     
228            202                 1          0          1     
229            429                 1          1          0     
230            437                 1          0          0     
231            413                 1          0          1     
232            99                  1          0          0     
233            396                 1          1          1     
234            338                 1          0          0     
235            327                 1          0          1     
236            358                 1          1          1     
237            8                   1          0          1     
238            256                 1          0          1     
239            241                 1          0          1     
240            250                 1          0          0     
241            77                  1          1          0     
242            133                 1          1          1     
243            242                 1          0          0     
244            454                 1          1          1     
245            378                 1          0          0     
246            399                 1          1          0     
247            133                 1          0          1     
248            109                 1          1          1     
249            234                 1          0          0     
250            132                 1          0          1     
251            441                 1          0          0     
252            294                 1          0          0     
253            212                 1          1          0     
254            43                  1          0          0     
255            216                 1          0          0     
256            375                 1          0          1     
257            360                 1          0          0     
258            200                 1          0          0     
259            181                 1          0          0     
260            159                 1          1          0     
261            362                 1          0          1     
262            153                 1          1          0     
263            135                 1          0          0     
264            355                 1          0          0     
265            164                 1          0          1     
266            399                 1          0          0     
267            380                 1          0          0     
268            391                 1          0          0     
269            362                 1          1          1     
270            95                  1          1          1     
271            119                 1          0          1     
272            136                 1          0          0     
273            272                 1          0          0     
274            75                  1          1          0     
275            355                 1          0          0     
276            309                 1          0          0     
277            384                 1          0          0     
278            366                 1          1          1     
279            339                 1          0          0     
280            430                 1          1          1     
281            133                 1          0          1     
282            315                 1          0          0     
283            311                 1          1          0     
284            403                 1          1          1     
285            399                 1          0          0     
286            358                 1          0          1     
287            155                 1          0          1     
288            94                  1          0          1     
289            245                 1          0          1     
290            381                 1          0          0     
291            355                 1          0          0     
292            205                 1          0          0     
293            303                 1          0          0     
294            191                 1          1          1     
295            362                 1          1          1     
296            418                 1          0          1     
297            438                 1          0          0     
298            424                 1          0          0     
299            222                 1          0          0     
300            129                 1          0          1     
301            176                 1          0          0     
302            318                 1          1          0     
303            371                 1          1          1     
304            16                  1          0          0     
305            208                 1          0          0     
306            250                 1          0          0     
307            343                 1          1          0     
Prediction accuracy  = 191 out of 308 (62.01%)
--- Session ended : 2021-08-26-142956
