--- Session started : 2021-10-01-112001
Algorithm being used is 'Remove Incomplete Records'

Test Record    Best Match     Similarity  Predicted   Calculated  
Number         Record         Measure     Outcome     Outcome     
0              285             0.99876468      1          1     
               230             0.99859072      1          1     
               226             0.99769069      1          0     
1              185             0.99567558      0          0     
               33              0.99260281      0          0     
               72              0.99188675      0          0     
2              243             0.99561620      0          0     
               33              0.99391792      0          0     
               185             0.99283715      0          0     
3              3               0.99813598      1          1     
               91              0.99694069      1          0     
               110             0.99584611      1          0     
4              141             0.99847476      0          1     FP
               150             0.99771871      0          0     FP
               115             0.99695478      0          1     FP
5              71              0.99522860      0          0     
               267             0.99429002      0          0     
               33              0.99395674      0          0     
6              41              0.99898213      0          0     
               216             0.99870671      0          1     
               95              0.99862031      0          1     
7              285             0.99756033      1          1     
               230             0.99744290      1          1     
               8               0.99731849      1          1     
8              81              0.99911051      0          0     
               23              0.99874376      0          0     
               54              0.99870246      0          0     
9              205             0.99793460      1          0     FN
               92              0.99646715      1          1     FN
               266             0.99601705      1          0     FN
10             202             0.99905273      0          0     
               88              0.99878121      0          0     
               252             0.99868071      0          0     
11             194             0.99887906      0          1     FP
               102             0.99800177      0          1     FP
               230             0.99759863      0          1     FP
12             105             0.99543999      0          0     
               17              0.99293501      0          0     
               235             0.99237569      0          0     
13             216             0.99862482      0          1     FP
               197             0.99754814      0          0     FP
               46              0.99723043      0          1     FP
14             161             0.99714346      0          0     
               263             0.99294869      0          0     
               139             0.99286610      0          0     
15             292             0.99698588      0          1     FP
               270             0.99553067      0          1     FP
               232             0.99381973      0          0     FP
16             64              0.99952870      1          0     FN
               197             0.99911351      1          0     FN
               269             0.99910830      1          0     FN
17             59              0.99809038      0          0     
               270             0.99756476      0          1     
               204             0.99637387      0          1     
18             60              0.99875249      0          0     
               284             0.99770373      0          0     
               257             0.99726360      0          0     
19             17              0.99426604      0          0     
               235             0.99258144      0          0     
               112             0.99257701      0          0     
20             261             0.99953674      1          0     FN
               231             0.99834707      1          0     FN
               29              0.99778984      1          0     FN
21             277             0.99823167      0          0     
               208             0.99776761      0          0     
               155             0.99753050      0          0     
22             95              0.99902898      1          1     
               216             0.99790870      1          1     
               41              0.99648081      1          0     
23             45              0.99742246      0          0     
               93              0.99523927      0          0     
               39              0.99327737      0          0     
24             238             0.99924067      0          1     FP
               46              0.99923362      0          1     FP
               296             0.99881118      0          1     FP
25             274             0.99758758      0          1     FP
               203             0.99618130      0          1     FP
               209             0.99613090      0          0     FP
26             253             0.99899018      1          0     FN
               297             0.99821052      1          0     FN
               189             0.99696809      1          0     FN
27             266             0.99959681      0          0     
               280             0.99828152      0          0     
               167             0.99798352      0          1     
28             116             0.99775655      1          0     FN
               43              0.99746065      1          1     FN
               226             0.99686735      1          0     FN
29             12              0.99930800      0          0     
               284             0.99824767      0          0     
               6               0.99806954      0          0     
30             2               0.99967548      1          1     
               44              0.99827594      1          1     
               248             0.99798681      1          0     
31             236             0.99962757      0          0     
               126             0.99781904      0          0     
               268             0.99729630      0          0     
32             180             0.99832737      1          0     FN
               36              0.99715052      1          0     FN
               29              0.99712577      1          0     FN
33             184             0.98648810      0          0     
               223             0.97315951      0          0     
               189             0.96999428      0          0     
Accuracy  = 22 out of 34 (64.71%)
Precision : 45.45%
Recall : 45.45%
Specificity : 73.91%
--- Session ended : 2021-10-01-112001
