--- Session started : 2021-10-01-111555
Algorithm being used is 'Remove Incomplete Records'

Test Record    Best Match     Similarity  Predicted   Calculated  
Number         Record         Measure     Outcome     Outcome     
0              285             0.99876468      1          1     
               227             0.99859072      1          1     
               220             0.99769069      1          0     
1              174             0.99811028      0          0     
               257             0.99732535      0          1     
               25              0.99672914      0          0     
2              5               0.99869751      0          0     
               106             0.99819776      0          1     
               116             0.99813897      0          1     
3              276             0.99893661      0          0     
               268             0.99833524      0          0     
               236             0.99810738      0          0     
4              232             0.99815550      1          1     
               139             0.99786529      1          0     
               4               0.99779974      1          1     
5              80              0.99926503      0          1     FP
               270             0.99894194      0          1     FP
               251             0.99777760      0          0     FP
6              25              0.99602091      0          0     
               98              0.99551192      0          0     
               186             0.99364293      0          0     
7              241             0.99945177      0          0     
               254             0.99816028      0          0     
               247             0.99715565      0          0     
8              66              0.99957032      1          1     
               248             0.99847195      1          0     
               39              0.99846240      1          1     
9              53              0.99908718      1          0     FN
               233             0.99716140      1          1     FN
               183             0.99660595      1          1     FN
10             98              0.99600915      0          0     
               172             0.99588805      0          0     
               286             0.99563122      0          0     
11             228             0.99915736      1          0     FN
               124             0.99844601      1          1     FN
               159             0.99840243      1          0     FN
12             282             0.99837137      0          1     FP
               74              0.99653278      0          1     FP
               280             0.99556105      0          0     FP
13             85              0.99824762      1          0     FN
               226             0.99805374      1          1     FN
               158             0.99445781      1          1     FN
14             260             0.99913182      0          0     
               80              0.99738319      0          1     
               241             0.99669024      0          0     
15             231             0.99859454      1          0     FN
               296             0.99859294      1          1     FN
               36              0.99846516      1          0     FN
16             83              0.99867497      0          0     
               128             0.99844838      0          0     
               172             0.99797846      0          0     
17             116             0.99933231      0          1     FP
               268             0.99926332      0          0     FP
               236             0.99920757      0          0     FP
18             110             0.99775655      1          0     FN
               38              0.99746065      1          1     FN
               220             0.99686735      1          0     FN
19             64              0.99625246      0          0     
               164             0.99604043      0          0     
               172             0.99592180      0          0     
20             253             0.99729522      0          0     
               156             0.99688252      0          1     
               52              0.99624979      0          0     
21             125             0.99758185      0          1     FP
               260             0.99738515      0          0     FP
               213             0.99701225      0          0     FP
22             58              0.99973818      1          0     FN
               252             0.99900023      1          0     FN
               292             0.99887106      1          0     FN
23             88              0.99416521      0          0     
               60              0.99273086      0          0     
               34              0.99240025      0          0     
24             91              0.99908326      1          1     
               31              0.99754343      1          0     
               166             0.99664148      1          1     
25             166             0.99824573      1          1     
               233             0.99807234      1          1     
               53              0.99755926      1          0     
26             296             0.99810680      1          1     
               123             0.99769921      1          0     
               249             0.99728095      1          1     
27             73              0.99941070      0          1     FP
               46              0.99746301      0          0     FP
               115             0.99741857      0          0     FP
28             261             0.99895770      0          0     
               206             0.99813530      0          1     
               11              0.99810726      0          0     
29             128             0.99882081      0          0     
               172             0.99773335      0          0     
               288             0.99770951      0          1     
30             85              0.99953944      1          0     FN
               158             0.99923217      1          1     FN
               185             0.99888626      1          0     FN
31             266             0.99959681      0          0     
               280             0.99828152      0          0     
               162             0.99798352      0          1     
32             45              0.99884062      0          0     
               171             0.99762954      0          0     
               251             0.99728231      0          0     
33             260             0.99953674      1          0     FN
               26              0.99778984      1          0     FN
               54              0.99704663      1          0     FN
Accuracy  = 21 out of 34 (61.76%)
Precision : 54.55%
Recall : 42.86%
Specificity : 75.00%
--- Session ended : 2021-10-01-111555
