--- Session started : 2021-08-15-152216
Algorithm being used is 'None'

Test Record    Best Match     Similarity  Predicted   Calculated  
Number         Record         Measure     Outcome     Outcome     
0              180                 1          0          0     
1              310                 1          1          0     
2              121                 1          1          1     
3              82                  1          1          1     
4              66                  1          0          0     
5              0                   1          0          0     
6              256                 1          0          0     
7              154                 1          1          1     
8              188                 1          0          0     
9              273                 1          0          0     
10             175                 1          0          0     
11             212                 1          1          1     
12             324                 1          0          0     
13             75                  1          1          0     
14             217                 1          0          1     
15             191                 1          1          0     
16             297                 1          1          1     
17             26                  1          1          1     
18             99                  1          1          1     
19             309                 1          1          1     
20             37                  1          1          0     
21             142                 1          1          0     
22             176                 1          0          0     
23             138                 1          0          0     
24             116                 1          0          0     
25             234                 1          0          0     
26             264                 1          0          0     
27             125                 1          0          0     
28             377                 1          1          1     
29             97                  1          0          1     
30             282                 1          0          0     
31             88                  1          1          1     
32             103                 1          0          1     
33             32                  1          0          0     
34             84                  1          0          0     
35             257                 1          0          1     
36             216                 1          0          0     
37             373                 1          0          0     
38             246                 1          1          1     
39             118                 1          0          1     
40             109                 1          1          1     
41             185                 1          0          0     
42             292                 1          0          0     
43             184                 1          0          1     
44             373                 1          0          0     
45             184                 1          1          1     
46             24                  1          0          0     
47             353                 1          1          0     
48             350                 1          0          1     
49             337                 1          1          1     
50             141                 1          1          1     
51             261                 1          1          1     
52             237                 1          0          0     
53             43                  1          0          0     
54             48                  1          1          0     
55             195                 1          1          1     
56             378                 1          1          1     
57             349                 1          0          0     
58             40                  1          0          0     
59             67                  1          0          0     
60             198                 1          1          1     
61             374                 1          1          1     
62             55                  1          0          1     
63             260                 1          0          0     
64             325                 1          0          0     
65             82                  1          1          1     
66             102                 1          0          0     
67             125                 1          0          0     
68             126                 1          1          0     
69             53                  1          1          0     
70             181                 1          0          1     
71             107                 1          1          1     
72             108                 1          1          0     
73             132                 1          0          0     
74             259                 1          0          0     
75             143                 1          1          1     
76             67                  1          0          0     
77             57                  1          1          1     
78             316                 1          0          0     
79             225                 1          0          1     
80             41                  1          0          0     
81             265                 1          0          0     
82             368                 1          0          0     
83             383                 1          0          0     
84             261                 1          1          1     
85             367                 1          0          0     
86             356                 1          0          0     
87             16                  1          0          0     
88             45                  1          0          0     
89             322                 1          1          0     
90             186                 1          0          0     
91             45                  1          0          0     
92             319                 1          0          0     
93             296                 1          0          0     
94             155                 1          0          0     
95             255                 1          0          0     
96             301                 1          1          1     
97             217                 1          1          1     
98             225                 1          0          1     
99             294                 1          0          0     
100            207                 1          1          1     
101            284                 1          1          1     
102            134                 1          0          1     
103            258                 1          0          0     
104            320                 1          0          0     
105            97                  1          1          1     
106            294                 1          0          0     
107            298                 1          0          0     
108            239                 1          1          0     
109            206                 1          0          0     
110            32                  1          0          0     
111            110                 1          0          1     
112            69                  1          0          0     
113            142                 1          1          0     
114            262                 1          0          0     
115            373                 1          0          0     
116            208                 1          1          1     
117            18                  1          0          1     
118            40                  1          0          0     
119            119                 1          0          0     
120            224                 1          0          0     
121            143                 1          0          1     
122            324                 1          0          0     
123            315                 1          0          0     
124            158                 1          1          1     
125            244                 1          0          0     
126            249                 1          0          0     
127            244                 1          0          0     
128            284                 1          1          1     
129            374                 1          1          1     
130            230                 1          0          0     
131            318                 1          0          0     
132            330                 1          1          1     
133            75                  1          1          0     
134            325                 1          0          0     
135            330                 1          1          1     
136            24                  1          0          0     
137            249                 1          0          0     
138            55                  1          0          1     
139            369                 1          0          1     
140            64                  1          1          1     
141            33                  1          0          0     
142            128                 1          0          0     
143            15                  1          1          1     
144            288                 1          1          1     
145            368                 1          0          0     
146            202                 1          1          0     
147            318                 1          0          0     
148            0                   1          0          0     
149            205                 1          0          0     
150            85                  1          0          1     
151            56                  1          0          0     
152            94                  1          1          1     
153            191                 1          0          0     
154            83                  1          1          0     
155            47                  1          0          0     
156            245                 1          0          0     
157            353                 1          1          0     
158            324                 1          0          0     
159            360                 1          0          0     
160            83                  1          0          0     
161            163                 1          1          0     
162            252                 1          0          0     
163            144                 1          0          0     
164            123                 1          0          0     
165            264                 1          1          0     
166            243                 1          0          0     
167            164                 1          0          0     
168            152                 1          0          0     
169            141                 1          1          1     
170            332                 1          0          0     
171            191                 1          0          0     
172            120                 1          0          0     
173            369                 1          1          1     
174            59                  1          0          0     
175            188                 1          0          0     
176            322                 1          1          0     
177            250                 1          1          0     
178            274                 1          1          0     
179            327                 1          1          1     
180            240                 1          0          0     
181            18                  1          1          1     
182            104                 1          1          1     
183            53                  1          0          0     
184            202                 1          1          0     
185            142                 1          0          0     
186            330                 1          1          1     
187            138                 1          0          0     
188            325                 1          0          0     
189            216                 1          0          0     
190            265                 1          0          0     
191            127                 1          0          1     
192            230                 1          0          0     
193            362                 1          0          0     
194            242                 1          0          1     
195            261                 1          1          1     
196            48                  1          1          0     
197            90                  1          1          0     
198            369                 1          1          1     
199            122                 1          1          1     
200            366                 1          0          0     
201            351                 1          0          0     
202            103                 1          0          1     
203            256                 1          0          0     
204            118                 1          1          1     
205            127                 1          1          1     
206            297                 1          1          1     
207            62                  1          1          1     
208            138                 1          0          0     
209            271                 1          0          0     
210            171                 1          1          0     
211            194                 1          0          0     
212            348                 1          0          0     
213            259                 1          1          0     
214            135                 1          0          0     
215            17                  1          0          0     
216            216                 1          0          0     
217            152                 1          0          0     
218            360                 1          0          0     
219            196                 1          0          0     
220            362                 1          0          0     
221            45                  1          0          0     
222            143                 1          1          1     
223            61                  1          0          0     
224            230                 1          0          0     
225            14                  1          1          0     
226            312                 1          0          0     
227            230                 1          0          0     
228            24                  1          0          0     
229            326                 1          1          0     
230            326                 1          1          0     
231            83                  1          0          0     
232            264                 1          0          0     
233            163                 1          0          0     
234            84                  1          0          0     
235            286                 1          0          0     
236            265                 1          0          0     
237            156                 1          0          0     
238            202                 1          1          0     
239            83                  1          0          0     
240            37                  1          1          0     
241            108                 1          0          0     
242            138                 1          0          0     
243            37                  1          0          0     
244            81                  1          1          0     
245            341                 1          1          1     
246            224                 1          0          0     
247            64                  1          1          1     
248            349                 1          0          0     
249            138                 1          0          0     
250            108                 1          0          0     
251            373                 1          0          0     
252            23                  1          0          0     
253            204                 1          0          1     
254            204                 1          1          1     
255            147                 1          1          0     
256            275                 1          0          0     
257            362                 1          1          0     
258            197                 1          0          0     
259            155                 1          0          0     
260            339                 1          0          0     
261            75                  1          1          0     
262            203                 1          0          0     
263            341                 1          1          1     
264            101                 1          0          0     
265            186                 1          0          0     
266            349                 1          0          0     
267            230                 1          0          0     
268            245                 1          0          0     
269            64                  1          1          1     
270            52                  1          1          0     
271            324                 1          0          0     
272            375                 1          0          0     
273            45                  1          0          0     
274            94                  1          1          1     
275            339                 1          1          0     
276            237                 1          0          0     
277            64                  1          1          1     
278            103                 1          0          1     
279            73                  1          0          0     
280            270                 1          1          1     
281            168                 1          1          1     
282            21                  1          1          1     
283            332                 1          0          0     
284            242                 1          0          1     
285            377                 1          1          1     
286            307                 1          0          0     
287            225                 1          0          1     
288            121                 1          1          1     
289            212                 1          1          1     
290            324                 1          0          0     
291            303                 1          0          0     
292            163                 1          0          0     
293            168                 1          1          1     
294            133                 1          0          0     
295            217                 1          1          1     
296            157                 1          0          0     
297            103                 1          1          1     
298            272                 1          0          1     
299            119                 1          0          0     
300            61                  1          0          0     
301            143                 1          1          1     
302            250                 1          0          0     
303            312                 1          0          0     
304            190                 1          0          0     
305            155                 1          0          0     
306            171                 1          1          0     
307            138                 1          0          0     
308            343                 1          0          0     
309            91                  1          0          0     
310            373                 1          0          0     
311            147                 1          0          0     
312            361                 1          0          0     
313            335                 1          0          0     
314            211                 1          0          0     
315            216                 1          0          0     
316            259                 1          1          0     
317            382                 1          0          0     
318            252                 1          0          0     
319            99                  1          1          1     
320            83                  1          1          0     
321            306                 1          0          0     
322            17                  1          0          0     
323            197                 1          1          0     
324            232                 1          0          0     
325            378                 1          0          1     
326            354                 1          1          1     
327            180                 1          0          0     
328            109                 1          1          1     
329            270                 1          1          1     
330            208                 1          1          1     
331            240                 1          0          0     
332            362                 1          1          0     
333            225                 1          0          1     
334            267                 1          1          1     
335            212                 1          1          1     
336            84                  1          0          0     
337            89                  1          0          1     
338            351                 1          1          0     
339            76                  1          0          0     
340            103                 1          1          1     
341            306                 1          0          0     
342            83                  1          1          0     
343            230                 1          0          0     
344            240                 1          0          0     
345            171                 1          0          0     
346            212                 1          1          1     
347            18                  1          1          1     
348            245                 1          0          0     
349            256                 1          1          0     
350            25                  1          0          0     
351            130                 1          1          1     
352            199                 1          1          1     
353            191                 1          0          0     
354            264                 1          0          0     
355            84                  1          0          0     
356            245                 1          0          0     
357            250                 1          1          0     
358            209                 1          1          1     
359            209                 1          1          1     
360            220                 1          0          0     
361            64                  1          0          1     
362            285                 1          0          0     
363            332                 1          0          0     
364            48                  1          0          0     
365            284                 1          1          1     
366            233                 1          1          0     
367            366                 1          0          0     
368            264                 1          0          0     
369            119                 1          0          0     
370            101                 1          0          0     
371            0                   1          0          0     
372            256                 1          1          0     
373            204                 1          1          1     
374            6                   1          1          1     
375            152                 1          0          0     
376            155                 1          0          0     
377            216                 1          0          0     
378            205                 1          1          0     
379            366                 1          0          0     
380            162                 1          0          0     
381            179                 1          1          1     
382            216                 1          0          0     
383            105                 1          0          0     
384            40                  1          0          0     
385            59                  1          0          0     
386            82                  1          1          1     
387            18                  1          0          1     
388            367                 1          0          0     
389            263                 1          0          0     
390            76                  1          0          0     
391            53                  1          1          0     
392            297                 1          1          1     
393            319                 1          0          0     
394            245                 1          1          0     
395            265                 1          0          0     
396            127                 1          0          1     
397            41                  1          1          0     
398            179                 1          1          1     
399            110                 1          1          1     
400            217                 1          0          1     
401            19                  1          1          1     
402            252                 1          0          0     
403            281                 1          0          0     
404            343                 1          1          0     
405            219                 1          0          0     
406            245                 1          0          0     
407            157                 1          1          0     
408            66                  1          0          0     
409            119                 1          0          0     
410            373                 1          0          0     
411            359                 1          0          1     
412            343                 1          1          0     
413            327                 1          0          1     
414            103                 1          0          1     
415            247                 1          0          0     
416            135                 1          0          0     
417            143                 1          1          1     
418            326                 1          1          0     
419            219                 1          1          0     
420            216                 1          0          0     
421            89                  1          1          1     
422            202                 1          1          0     
Prediction accuracy  = 328 out of 423 (77.54%)
--- Session ended : 2021-08-15-152216
