--- Session started : 2021-10-01-104728
Algorithm being used is 'Replace Missing Values With Mean'

Test Record    Best Match     Similarity  Predicted   Calculated  
Number         Record         Measure     Outcome     Outcome     
0              46              0.99777441      1          1     
               353             0.99735455      1          0     
               551             0.99684472      1          1     
1              67              0.99742943      0          0     
               320             0.99672493      0          0     
               365             0.99622456      0          0     
2              374             0.99867983      0          0     
               493             0.99828677      0          0     
               177             0.99794296      0          1     
3              253             0.99828735      1          0     FN
               444             0.99821422      1          1     FN
               542             0.99816826      1          1     FN
4              649             0.99790218      0          1     FP
               24              0.99757137      0          0     FP
               114             0.99591708      0          1     FP
5              188             0.99618369      0          0     
               185             0.99490430      0          1     
               678             0.99488336      0          1     
6              371             0.99984246      0          1     FP
               258             0.99942296      0          0     FP
               135             0.99906692      0          0     FP
7              602             0.99887349      0          0     
               386             0.99862924      0          1     
               273             0.99796163      0          1     
8              70              0.99965381      0          0     
               427             0.99938445      0          0     
               79              0.99937959      0          0     
9              127             0.99874964      0          0     
               345             0.99842436      0          0     
               201             0.99825942      0          0     
10             577             0.99837836      1          0     FN
               154             0.99819236      1          0     FN
               390             0.99801249      1          0     FN
11             352             0.99787529      0          1     FP
               124             0.99740853      0          0     FP
               57              0.99661101      0          1     FP
12             647             0.99730857      0          0     
               114             0.99673848      0          1     
               661             0.99649616      0          0     
13             29              0.99930800      0          0     
               651             0.99824767      0          0     
               499             0.99804293      0          0     
14             321             0.99855825      0          0     
               74              0.99660541      0          1     
               300             0.99607386      0          0     
15             279             0.99830053      1          0     FN
               649             0.99680485      1          1     FN
               417             0.99654478      1          0     FN
16             628             0.99899835      0          1     FP
               232             0.99886522      0          0     FP
               66              0.99863357      0          0     FP
17             577             0.99910808      0          0     
               479             0.99874425      0          0     
               362             0.99870227      0          1     
18             188             0.99897993      1          0     FN
               255             0.99845335      1          1     FN
               678             0.99814126      1          1     FN
19             85              0.99905157      1          0     FN
               335             0.99813456      1          1     FN
               80              0.99793548      1          0     FN
20             489             0.99806638      0          0     
               591             0.99716000      0          1     
               412             0.99708169      0          0     
21             544             0.99867913      0          0     
               239             0.99770083      0          0     
               424             0.99764700      0          0     
22             481             0.99949382      0          1     FP
               557             0.99917199      0          1     FP
               409             0.99903633      0          1     FP
23             58              0.99884846      0          0     
               482             0.99794141      0          0     
               237             0.99765191      0          0     
24             342             0.99795019      0          0     
               500             0.99618963      0          0     
               106             0.99601475      0          0     
25             374             0.99841306      1          0     FN
               354             0.99778784      1          1     FN
               210             0.99712317      1          1     FN
26             25              0.99955130      1          1     
               545             0.99904921      1          1     
               304             0.99854306      1          0     
27             596             0.99844340      1          1     
               261             0.99678093      1          0     
               653             0.99668780      1          0     
28             8               0.99947308      0          0     
               397             0.99878298      0          0     
               223             0.99856399      0          0     
29             206             0.99865557      0          1     FP
               222             0.99853360      0          0     FP
               611             0.99818187      0          0     FP
30             217             0.99908326      1          1     
               439             0.99842466      1          0     
               83              0.99754343      1          0     
31             391             0.99679297      1          0     FN
               8               0.99654975      1          0     FN
               74              0.99598844      1          1     FN
32             305             0.99960231      1          0     FN
               194             0.99898206      1          1     FN
               368             0.99870313      1          1     FN
33             294             0.99947785      0          0     
               534             0.99838411      0          1     
               668             0.99723809      0          0     
34             126             0.99908718      1          0     FN
               48              0.99826685      1          1     FN
               545             0.99716140      1          1     FN
35             144             0.99816917      0          0     
               14              0.99705868      0          1     
               485             0.99663497      0          1     
36             626             0.99821383      0          0     
               577             0.99801846      0          0     
               313             0.99770077      0          0     
37             491             0.99862482      0          1     FP
               538             0.99792608      0          0     FP
               450             0.99754814      0          0     FP
38             196             0.99822359      0          1     FP
               188             0.99752901      0          0     FP
               101             0.99749068      0          1     FP
39             259             0.99934949      0          1     FP
               14              0.99893028      0          1     FP
               651             0.99874354      0          0     FP
40             644             0.99895601      1          0     FN
               310             0.99848686      1          0     FN
               306             0.99845478      1          1     FN
41             512             0.99857004      0          0     
               390             0.99775683      0          0     
               442             0.99704037      0          0     
42             227             0.99925273      0          0     
               68              0.99890348      0          0     
               32              0.99868058      0          1     
43             372             0.99979542      0          0     
               631             0.99888022      0          0     
               578             0.99859204      0          0     
44             92              0.99849354      0          0     
               445             0.99823557      0          0     
               71              0.99809997      0          0     
45             482             0.99932699      0          0     
               23              0.99818783      0          0     
               310             0.99811283      0          0     
46             75              0.99912903      0          0     
               583             0.99874688      0          0     
               121             0.99868670      0          0     
47             86              0.99780333      0          0     
               596             0.99754095      0          1     
               171             0.99743328      0          0     
48             118             0.99814559      0          0     
               451             0.99770073      0          0     
               574             0.99739624      0          0     
49             68              0.99853862      0          0     
               338             0.99833174      0          0     
               480             0.99819287      0          0     
50             7               0.99757866      0          1     FP
               23              0.99724202      0          0     FP
               482             0.99678749      0          0     FP
51             209             0.99625116      0          0     
               245             0.99542327      0          0     
               274             0.99529050      0          0     
52             408             0.99803737      0          0     
               254             0.99763910      0          0     
               113             0.99755160      0          1     
53             419             0.99916973      1          0     FN
               115             0.99716754      1          1     FN
               628             0.99680202      1          1     FN
54             223             0.99907271      0          0     
               109             0.99888148      0          1     
               658             0.99804178      0          1     
55             69              0.99814327      0          1     FP
               687             0.99793585      0          0     FP
               518             0.99790916      0          1     FP
56             59              0.99935747      0          0     
               574             0.99919485      0          0     
               118             0.99861937      0          0     
57             448             0.99913029      0          0     
               559             0.99819125      0          0     
               154             0.99800834      0          0     
58             155             0.99522860      0          0     
               612             0.99429002      0          0     
               416             0.99330517      0          0     
59             416             0.99537417      0          0     
               274             0.99443751      0          0     
               325             0.99044424      0          0     
60             665             0.99981900      0          1     FP
               237             0.99732767      0          0     FP
               124             0.99724958      0          0     FP
61             236             0.99909052      1          1     
               586             0.99865574      1          0     
               619             0.99831040      1          0     
62             363             0.99781283      0          0     
               327             0.99638186      0          0     
               689             0.99552287      0          1     
63             166             0.99957032      1          1     
               579             0.99847195      1          0     
               98              0.99846240      1          1     
64             474             0.99940449      0          0     
               631             0.99927696      0          0     
               372             0.99921848      0          0     
65             389             0.99878342      0          0     
               44              0.99869104      0          0     
               472             0.99868146      0          0     
66             257             0.99715577      1          0     FN
               129             0.99690866      1          0     FN
               358             0.99688111      1          0     FN
67             367             0.99773201      1          0     FN
               323             0.99665647      1          1     FN
               340             0.99582540      1          0     FN
68             486             0.99938145      1          1     
               457             0.99882803      1          0     
               549             0.99870322      1          0     
69             433             0.99972690      0          1     FP
               179             0.99972513      0          1     FP
               643             0.99957296      0          0     FP
70             108             0.99700753      0          0     
               459             0.99632425      0          0     
               271             0.99551035      0          0     
71             131             0.99831992      0          0     
               44              0.99830767      0          0     
               539             0.99794061      0          0     
72             290             0.99862754      0          1     FP
               494             0.99861274      0          0     FP
               316             0.99851036      0          0     FP
73             560             0.99711980      0          0     
               18              0.99652575      0          1     
               398             0.99597015      0          1     
74             385             0.99897640      0          0     
               362             0.99897325      0          1     
               377             0.99893741      0          0     
75             318             0.99838627      0          0     
               52              0.99723970      0          0     
               338             0.99716895      0          0     
76             462             0.99905273      0          0     
               193             0.99878121      0          0     
               584             0.99868071      0          0     
Accuracy  = 50 out of 77 (64.94%)
Precision : 33.33%
Recall : 35.00%
Specificity : 75.44%
--- Session ended : 2021-10-01-104728
