--- Session started : 2021-08-21-150330
Algorithm being used is 'ReplaceMissingValuesWithMean'

Test Record    Best Match     Similarity  Predicted   Calculated  
Number         Record         Measure     Outcome     Outcome     
0              13                 0.8         0          0     
1              3                  0.8         0          0     
2              23                 0.7         0          0     
3              3                  0.9         0          0     
4              13                 0.8         1          0     
5              13                 0.8         0          0     
6              13                 0.7         0          0     
7              3                  0.8         0          0     
8              3                  0.8         1          0     
9              0                  0.8         0          0     
10             3                  0.8         1          0     
11             6                  0.8         0          0     
12             3                  0.9         0          0     
13             13                 0.7         1          0     
14             6                  0.8         0          0     
15             3                  0.8         0          0     
16             3                  0.8         1          0     
17             3                  0.8         1          0     
18             3                  0.8         0          0     
19             6                  0.8         0          0     
20             3                  0.8         1          0     
21             3                  0.9         0          0     
22             3                  0.8         0          0     
23             3                  0.8         0          0     
24             1                  0.8         0          0     
25             23                 0.6         1          0     
26             13                 0.8         0          0     
27             6                  0.8         0          0     
28             3                  0.7         1          0     
29             13                 0.7         1          0     
30             13                 0.7         1          0     
31             13                 0.8         0          0     
32             13                 0.8         0          0     
33             6                  0.7         0          0     
34             3                  0.8         0          0     
35             3                  0.8         0          0     
36             3                  0.8         0          0     
37             0                  0.8         0          0     
38             13                 0.8         1          0     
39             29                 0.8         1          0     
40             13                 0.8         0          0     
41             3                  0.9         1          0     
42             3                  0.8         1          0     
43             13                 0.8         0          0     
44             3                  0.8         0          0     
45             3                  0.8         0          0     
46             13                 0.8         0          0     
47             3                  0.8         0          0     
48             13                 0.8         1          0     
49             6                  0.8         0          0     
50             13                 0.8         0          0     
51             3                  0.8         0          0     
52             3                  0.8         1          0     
53             3                  0.9         1          0     
54             3                  0.8         0          0     
55             3                  0.9         0          0     
56             3                  0.8         0          0     
57             1                  0.8         1          0     
58             13                 0.7         1          0     
59             1                  0.8         0          0     
60             23                 0.7         1          0     
61             0                  0.9         0          0     
62             3                  0.8         0          0     
63             13                 0.8         1          0     
64             3                  0.8         0          0     
65             6                  0.8         0          0     
66             23                 0.6         1          0     
67             3                  0.8         0          0     
68             6                  0.8         0          0     
69             13                 0.7         1          0     
70             13                 0.8         0          0     
71             13                 0.8         1          0     
72             13                 0.8         0          0     
73             6                  0.8         0          0     
74             3                  0.8         1          0     
75             3                  0.8         1          0     
76             3                  0.8         0          0     
77             6                  0.7         1          0     
78             3                  0.8         0          0     
79             13                 0.8         0          0     
80             6                  0.8         0          0     
81             3                  0.9         1          0     
82             16                 0.8         0          0     
83             3                  0.8         0          0     
84             13                 0.8         0          0     
85             3                  0.8         0          0     
86             13                 0.7         1          0     
87             13                 0.7         1          0     
88             3                  0.8         1          0     
89             13                 0.7         0          0     
90             0                  0.9         0          0     
91             3                  0.7         0          0     
92             3                  0.8         1          0     
93             6                  0.8         0          0     
94             13                 0.8         1          0     
95             13                 0.8         1          0     
96             13                 0.8         0          0     
97             13                 0.7         1          0     
98             13                 0.8         0          0     
99             3                  0.8         0          0     
100            6                  0.7         1          0     
101            13                 0.7         0          0     
102            3                  0.8         1          0     
103            13                 0.8         0          0     
104            13                 0.8         1          0     
105            6                  0.8         1          0     
106            3                  0.8         1          0     
107            3                  0.7         0          0     
108            3                  0.8         0          0     
109            3                  0.8         0          0     
110            13                 0.7         0          0     
111            13                 0.8         0          0     
112            3                  0.8         0          0     
113            13                 0.7         0          0     
114            3                  0.8         0          0     
115            13                 0.8         1          0     
116            0                  0.9         0          0     
117            0                  0.9         0          0     
118            3                  0.9         0          0     
119            3                  0.8         0          0     
120            3                  0.8         0          0     
121            3                  0.9         0          0     
122            3                  0.8         0          0     
123            3                  0.9         1          0     
124            6                  0.8         1          0     
125            3                  0.6         1          0     
126            3                  0.8         0          0     
127            13                 0.8         0          0     
128            13                 0.8         0          0     
129            3                  0.8         0          0     
130            3                  0.8         1          0     
131            13                 0.8         0          0     
132            3                  0.8         0          0     
133            3                  0.9         0          0     
134            1                  0.8         0          0     
135            3                  0.8         0          0     
136            23                 0.7         1          0     
137            6                  0.8         0          0     
138            3                  0.8         1          0     
139            3                  0.8         0          0     
140            3                  0.8         0          0     
141            3                  0.8         0          0     
142            6                  0.8         0          0     
143            13                 0.8         0          0     
144            13                 0.8         1          0     
145            3                  0.8         0          0     
146            13                 0.8         0          0     
147            3                  0.8         0          0     
148            13                 0.7         0          0     
149            3                  0.8         1          0     
150            3                  0.8         0          0     
151            13                 0.7         0          0     
152            13                 0.8         0          0     
153            3                  0.9         0          0     
154            3                  0.8         0          0     
155            13                 0.8         0          0     
156            3                  0.7         1          0     
157            3                  0.9         0          0     
158            3                  0.8         0          0     
159            3                  0.8         0          0     
160            13                 0.8         0          0     
161            3                  0.9         0          0     
162            13                 0.8         0          0     
163            3                  0.9         0          0     
164            3                  0.8         0          0     
165            3                  0.8         0          0     
166            13                 0.8         0          0     
167            3                  0.8         1          0     
168            3                  0.8         0          0     
169            23                 0.7         0          0     
170            3                  0.8         1          0     
171            6                  0.7         0          0     
172            6                  0.8         1          0     
173            3                  0.8         1          0     
174            13                 0.7         0          0     
175            3                  0.7         1          0     
176            3                  0.8         0          0     
177            13                 0.8         0          0     
178            3                  0.8         1          0     
179            13                 0.8         0          0     
180            3                  0.8         1          0     
181            1                  0.8         1          0     
182            16                 0.8         0          0     
183            23                 0.6         0          0     
184            13                 0.7         1          0     
185            6                  0.8         0          0     
186            0                  0.9         0          0     
187            3                  0.8         1          0     
188            13                 0.8         0          0     
189            13                 0.7         0          0     
190            13                 0.7         0          0     
191            23                 0.6         1          0     
192            6                  0.8         0          0     
193            3                  0.7         1          0     
194            3                  0.8         0          0     
195            13                 0.8         0          0     
196            13                 0.8         0          0     
197            13                 0.8         1          0     
198            3                  0.9         0          0     
199            3                  0.8         1          0     
200            1                  0.8         0          0     
201            3                  0.9         0          0     
202            1                  0.8         1          0     
203            19                 0.9         0          0     
204            13                 0.8         1          0     
205            13                 0.7         1          0     
206            6                  0.8         1          0     
207            23                 0.7         0          0     
208            3                  0.8         0          0     
209            3                  0.9         1          0     
210            3                  0.9         0          0     
211            3                  0.8         0          0     
212            13                 0.8         0          0     
213            13                 0.8         0          0     
214            3                  0.8         0          0     
215            3                  0.8         0          0     
216            6                  0.7         0          0     
217            3                  0.8         1          0     
218            3                  0.8         0          0     
219            23                 0.7         1          0     
220            13                 0.8         0          0     
221            13                 0.8         0          0     
222            13                 0.8         0          0     
223            6                  0.8         0          0     
224            3                  0.8         1          0     
225            3                  0.8         0          0     
226            13                 0.7         0          0     
227            13                 0.8         0          0     
228            3                  0.8         0          0     
229            13                 0.8         1          0     
230            3                  0.8         0          0     
231            3                  0.8         0          0     
232            3                  0.7         1          0     
233            0                  0.9         0          0     
234            16                 0.8         0          0     
235            6                  0.7         0          0     
236            3                  0.8         0          0     
237            13                 0.8         0          0     
238            3                  0.8         0          0     
239            13                 0.8         0          0     
240            13                 0.7         0          0     
241            6                  0.8         0          0     
242            6                  0.8         1          0     
243            3                  0.8         0          0     
244            13                 0.8         0          0     
245            13                 0.7         0          0     
246            23                 0.7         0          0     
247            3                  0.8         1          0     
248            3                  0.8         0          0     
249            13                 0.8         0          0     
250            3                  0.9         0          0     
251            13                 0.8         0          0     
252            3                  0.9         0          0     
253            3                  0.8         0          0     
254            13                 0.7         1          0     
255            3                  0.9         1          0     
256            13                 0.8         0          0     
257            6                  0.8         0          0     
258            3                  0.8         0          0     
259            3                  0.8         1          0     
260            1                  0.8         0          0     
261            13                 0.8         0          0     
262            13                 0.7         1          0     
263            23                 0.7         0          0     
264            13                 0.8         0          0     
265            3                  0.8         0          0     
266            13                 0.7         0          0     
267            13                 0.7         1          0     
268            3                  0.8         1          0     
269            6                  0.8         0          0     
270            13                 0.7         0          0     
271            13                 0.8         1          0     
272            13                 0.8         0          0     
273            3                  0.8         0          0     
274            3                  0.8         0          0     
275            3                  0.8         1          0     
276            13                 0.8         1          0     
277            3                  0.8         0          0     
278            3                  0.8         1          0     
279            13                 0.8         0          0     
280            3                  0.8         0          0     
281            13                 0.8         1          0     
282            23                 0.6         0          0     
283            3                  0.7         1          0     
284            13                 0.8         0          0     
285            3                  0.8         1          0     
286            6                  0.7         0          0     
287            0                  0.9         0          0     
288            3                  0.8         0          0     
289            13                 0.8         0          0     
290            3                  0.8         0          0     
291            13                 0.8         0          0     
292            13                 0.8         0          0     
293            13                 0.8         0          0     
294            1                  0.9         0          0     
295            13                 0.8         1          0     
296            6                  0.8         1          0     
297            3                  0.8         1          0     
298            3                  0.8         0          0     
299            3                  0.8         0          0     
300            13                 0.8         0          0     
301            13                 0.8         1          0     
302            13                 0.8         0          0     
303            3                  0.8         1          0     
304            1                  0.8         0          0     
305            3                  0.8         0          0     
306            13                 0.8         0          0     
307            3                  0.7         0          0     
308            13                 0.7         0          0     
309            23                 0.7         1          0     
310            3                  0.7         1          0     
311            13                 0.8         1          0     
312            13                 0.8         0          0     
313            1                  0.8         0          0     
314            3                  0.8         0          0     
315            3                  0.7         0          0     
316            6                  0.8         0          0     
317            6                  0.7         1          0     
318            3                  0.8         1          0     
319            3                  0.8         1          0     
320            13                 0.8         1          0     
321            1                  0.8         0          0     
322            16                 0.8         0          0     
323            13                 0.8         0          0     
324            3                  0.8         0          0     
325            0                  0.9         0          0     
326            3                  0.8         1          0     
327            1                  0.8         0          0     
328            13                 0.8         1          0     
329            3                  0.8         0          0     
330            3                  0.8         0          0     
331            13                 0.8         1          0     
332            6                  0.8         1          0     
333            6                  0.8         0          0     
334            13                 0.8         0          0     
335            13                 0.8         0          0     
336            3                  0.8         1          0     
337            3                  0.8         1          0     
338            23                 0.7         1          0     
339            3                  0.9         0          0     
340            13                 0.8         1          0     
341            13                 0.7         1          0     
342            13                 0.8         0          0     
343            1                  0.8         0          0     
344            23                 0.7         0          0     
345            13                 0.7         0          0     
346            13                 0.8         1          0     
347            13                 0.8         1          0     
348            3                  0.8         0          0     
349            3                  0.8         0          0     
350            13                 0.8         1          0     
351            13                 0.8         0          0     
352            13                 0.8         0          0     
353            16                 0.7         0          0     
354            13                 0.8         0          0     
355            13                 0.7         1          0     
356            13                 0.7         0          0     
357            3                  0.8         0          0     
358            13                 0.7         0          0     
359            25                 0.8         0          0     
360            23                 0.6         1          0     
361            3                  0.8         0          0     
362            3                  0.7         0          0     
363            3                  0.8         1          0     
364            13                 0.8         1          0     
365            3                  0.7         0          0     
366            3                  0.8         0          0     
367            3                  0.8         0          0     
368            3                  0.8         1          0     
369            0                  0.9         0          0     
370            3                  0.9         0          0     
371            13                 0.7         0          0     
372            3                  0.8         0          0     
373            13                 0.8         1          0     
374            3                  0.8         1          0     
375            3                  0.8         1          0     
376            13                 0.7         1          0     
377            13                 0.8         0          0     
378            23                 0.7         0          0     
379            3                  0.8         0          0     
380            3                  0.8         1          0     
381            3                  0.8         0          0     
382            10                 0.8         0          0     
383            13                 0.7         0          0     
384            3                  0.8         0          0     
385            3                  0.8         1          0     
386            23                 0.7         0          0     
387            13                 0.7         0          0     
388            13                 0.8         1          0     
389            3                  0.8         0          0     
390            3                  0.7         0          0     
391            3                  0.7         0          0     
392            13                 0.8         0          0     
393            3                  0.7         0          0     
394            13                 0.8         0          0     
395            13                 0.7         1          0     
396            29                 0.8         1          0     
397            3                  0.8         1          0     
398            3                  0.7         1          0     
399            3                  0.8         0          0     
400            3                  0.9         1          0     
401            13                 0.8         1          0     
402            13                 0.8         1          0     
403            3                  0.8         0          0     
404            13                 0.8         1          0     
405            6                  0.8         1          0     
406            13                 0.8         0          0     
407            3                  0.8         1          0     
408            10                 0.8         0          0     
409            13                 0.8         0          0     
410            3                  0.8         1          0     
411            13                 0.8         0          0     
412            3                  0.7         0          0     
413            13                 0.8         1          0     
414            3                  0.8         1          0     
415            6                  0.7         0          0     
416            13                 0.8         1          0     
417            3                  0.7         1          0     
418            13                 0.8         0          0     
419            3                  0.7         0          0     
420            13                 0.7         0          0     
421            6                  0.8         1          0     
422            13                 0.8         0          0     
423            3                  0.8         0          0     
424            6                  0.8         0          0     
425            3                  0.8         0          0     
426            1                  0.8         0          0     
427            13                 0.7         0          0     
428            13                 0.8         0          0     
429            3                  0.8         1          0     
430            13                 0.8         1          0     
431            3                  0.8         1          0     
432            6                  0.8         0          0     
433            3                  0.8         0          0     
434            3                  0.8         0          0     
435            13                 0.8         0          0     
436            13                 0.8         0          0     
437            23                 0.7         0          0     
438            3                  0.8         1          0     
439            1                  0.8         1          0     
440            13                 0.8         1          0     
441            3                  0.8         0          0     
442            13                 0.7         1          0     
443            1                  0.8         1          0     
444            13                 0.8         1          0     
445            3                  0.7         0          0     
446            3                  0.8         0          0     
447            6                  0.8         0          0     
448            3                  0.8         1          0     
449            13                 0.8         0          0     
450            13                 0.8         0          0     
451            13                 0.8         0          0     
452            3                  0.8         0          0     
453            3                  0.9         0          0     
454            13                 0.8         0          0     
455            13                 0.7         0          0     
456            6                  0.8         0          0     
457            3                  0.8         0          0     
458            3                  0.9         1          0     
459            13                 0.8         1          0     
460            6                  0.7         0          0     
461            13                 0.7         1          0     
462            3                  0.8         1          0     
463            3                  0.8         0          0     
464            3                  0.7         1          0     
465            3                  0.8         0          0     
466            13                 0.7         1          0     
467            3                  0.8         1          0     
468            3                  0.9         0          0     
469            1                  0.8         0          0     
470            3                  0.8         0          0     
471            13                 0.8         0          0     
472            13                 0.8         0          0     
473            1                  0.8         0          0     
474            6                  0.8         1          0     
475            13                 0.8         1          0     
476            3                  0.8         0          0     
477            13                 0.7         1          0     
478            3                  0.8         0          0     
479            3                  0.8         0          0     
480            3                  0.8         1          0     
481            16                 0.9         0          0     
482            6                  0.8         0          0     
483            3                  0.8         1          0     
484            23                 0.6         0          0     
485            1                  0.8         0          0     
486            6                  0.7         1          0     
487            13                 0.8         0          0     
488            3                  0.8         0          0     
489            23                 0.7         0          0     
490            3                  0.8         1          0     
491            3                  0.8         0          0     
492            6                  0.8         0          0     
493            13                 0.7         0          0     
494            3                  0.7         1          0     
495            13                 0.8         0          0     
496            23                 0.6         0          0     
497            13                 0.7         1          0     
498            6                  0.8         0          0     
499            3                  0.8         0          0     
500            13                 0.8         1          0     
501            6                  0.8         1          0     
502            6                  0.8         0          0     
503            13                 0.8         0          0     
504            13                 0.7         1          0     
505            3                  0.8         0          0     
506            13                 0.8         1          0     
507            3                  0.8         0          0     
508            23                 0.7         0          0     
509            3                  0.8         1          0     
510            3                  0.8         0          0     
511            6                  0.8         1          0     
512            6                  0.7         1          0     
513            3                  0.7         0          0     
514            23                 0.6         0          0     
515            6                  0.8         0          0     
516            13                 0.7         1          0     
517            13                 0.8         1          0     
518            3                  0.8         0          0     
519            13                 0.8         0          0     
520            3                  0.8         1          0     
521            3                  0.7         1          0     
522            13                 0.8         0          0     
523            13                 0.8         0          0     
524            3                  0.8         1          0     
525            3                  0.8         0          0     
526            13                 0.8         0          0     
527            0                  0.9         0          0     
528            3                  0.8         0          0     
529            13                 0.7         0          0     
530            6                  0.8         0          0     
531            13                 0.7         0          0     
532            3                  0.8         1          0     
533            3                  0.8         0          0     
534            13                 0.8         0          0     
535            13                 0.8         0          0     
536            6                  0.7         0          0     
537            3                  0.8         0          0     
538            6                  0.8         0          0     
539            13                 0.8         0          0     
540            3                  0.7         1          0     
541            23                 0.7         1          0     
542            3                  0.8         1          0     
543            3                  0.8         1          0     
544            3                  0.6         0          0     
545            13                 0.8         0          0     
546            3                  0.8         1          0     
547            13                 0.7         1          0     
548            6                  0.8         0          0     
549            0                  0.9         0          0     
550            23                 0.6         1          0     
551            13                 0.8         0          0     
552            1                  0.8         0          0     
553            13                 0.8         1          0     
554            3                  0.8         0          0     
555            13                 0.7         1          0     
556            13                 0.8         0          0     
557            6                  0.8         0          0     
558            13                 0.7         0          0     
559            1                  0.8         0          0     
560            3                  0.8         1          0     
561            3                  0.8         0          0     
562            6                  0.8         1          0     
563            3                  0.8         1          0     
564            6                  0.8         1          0     
565            13                 0.8         1          0     
566            3                  0.8         1          0     
567            6                  0.8         1          0     
568            6                  0.7         0          0     
569            13                 0.7         0          0     
570            13                 0.8         1          0     
571            3                  0.9         0          0     
572            1                  0.8         0          0     
573            3                  0.9         0          0     
574            3                  0.8         0          0     
575            13                 0.8         1          0     
576            3                  0.8         0          0     
577            13                 0.8         0          0     
578            13                 0.7         1          0     
579            13                 0.8         1          0     
580            3                  0.8         0          0     
581            0                  0.8         0          0     
582            3                  0.8         1          0     
583            6                  0.8         0          0     
584            3                  0.7         0          0     
585            13                 0.8         0          0     
586            6                  0.8         0          0     
587            3                  0.9         0          0     
588            3                  0.8         0          0     
589            13                 0.8         0          0     
590            3                  0.9         0          0     
591            13                 0.8         1          0     
592            3                  0.8         0          0     
593            13                 0.8         0          0     
594            13                 0.7         1          0     
595            3                  0.8         0          0     
596            13                 0.8         0          0     
597            3                  0.8         0          0     
598            3                  0.8         1          0     
599            3                  0.7         1          0     
600            3                  0.7         1          0     
601            13                 0.8         0          0     
602            3                  0.9         0          0     
603            0                  0.8         1          0     
604            3                  0.8         1          0     
605            13                 0.7         0          0     
606            3                  0.8         1          0     
607            13                 0.8         0          0     
608            3                  0.8         0          0     
609            3                  0.7         0          0     
610            3                  0.8         0          0     
611            13                 0.8         0          0     
612            13                 0.7         1          0     
613            0                  0.8         0          0     
614            3                  0.8         0          0     
615            3                  0.8         1          0     
616            3                  0.8         0          0     
617            13                 0.8         0          0     
618            3                  0.8         0          0     
619            13                 0.8         0          0     
620            13                 0.7         0          0     
621            13                 0.7         0          0     
622            3                  0.8         1          0     
623            13                 0.8         0          0     
624            1                  0.8         0          0     
625            13                 0.8         0          0     
626            3                  0.7         0          0     
627            13                 0.8         1          0     
628            13                 0.8         1          0     
629            1                  0.8         1          0     
630            13                 0.7         0          0     
631            13                 0.8         1          0     
632            0                  0.9         0          0     
633            13                 0.8         0          0     
634            3                  0.8         0          0     
635            3                  0.8         0          0     
636            0                  0.8         1          0     
637            6                  0.8         0          0     
638            6                  0.8         0          0     
639            14                 0.8         0          0     
640            6                  0.8         1          0     
641            13                 0.8         0          0     
642            3                  0.8         0          0     
643            3                  0.8         0          0     
644            3                  0.8         1          0     
645            13                 0.8         0          0     
646            13                 0.8         1          0     
647            13                 0.8         0          0     
648            3                  0.8         0          0     
649            13                 0.8         1          0     
650            3                  0.9         0          0     
651            0                  0.8         0          0     
652            13                 0.8         0          0     
653            13                 0.7         0          0     
654            13                 0.8         0          0     
655            13                 0.8         1          0     
656            13                 0.8         1          0     
657            13                 0.8         1          0     
658            3                  0.8         0          0     
659            13                 0.7         0          0     
660            23                 0.7         0          0     
661            3                  0.8         0          0     
662            23                 0.6         0          0     
663            3                  0.8         1          0     
664            3                  0.8         1          0     
665            13                 0.7         1          0     
666            3                  0.8         0          0     
667            1                  0.8         0          0     
668            3                  0.7         0          0     
669            3                  0.9         1          0     
670            29                 0.8         0          0     
671            13                 0.7         0          0     
672            3                  0.8         1          0     
673            13                 0.8         0          0     
674            13                 0.8         0          0     
675            3                  0.8         0          0     
676            3                  0.8         0          0     
677            13                 0.7         0          0     
678            13                 0.7         1          0     
679            3                  0.8         1          0     
680            13                 0.8         0          0     
681            13                 0.8         0          0     
682            13                 0.7         1          0     
683            13                 0.8         0          0     
684            3                  0.8         0          0     
685            13                 0.7         1          0     
686            3                  0.8         1          0     
687            13                 0.7         1          0     
688            13                 0.8         0          0     
689            3                  0.8         0          0     
690            13                 0.8         0          0     
691            3                  0.9         0          0     
692            13                 0.9         0          0     
693            3                  0.8         0          0     
694            13                 0.8         0          0     
695            1                  0.8         0          0     
696            23                 0.7         1          0     
697            13                 0.7         1          0     
698            19                 0.9         0          0     
699            23                 0.6         1          0     
700            3                  0.8         1          0     
701            13                 0.7         0          0     
702            3                  0.8         1          0     
703            13                 0.7         1          0     
704            3                  0.7         0          0     
705            3                  0.8         0          0     
706            3                  0.8         0          0     
707            6                  0.7         1          0     
708            13                 0.8         1          0     
709            3                  0.8         1          0     
710            13                 0.7         0          0     
711            3                  0.9         0          0     
712            19                 0.9         0          0     
713            13                 0.8         0          0     
714            16                 0.8         1          0     
715            3                  0.8         0          0     
716            13                 0.7         1          0     
717            0                  0.9         0          0     
718            3                  0.9         1          0     
719            3                  0.8         0          0     
720            13                 0.7         1          0     
721            3                  0.8         0          0     
722            3                  0.8         0          0     
723            13                 0.7         1          0     
724            6                  0.8         0          0     
725            13                 0.7         1          0     
726            16                 0.9         0          0     
727            6                  0.8         0          0     
728            3                  0.8         1          0     
729            13                 0.8         0          0     
Prediction accuracy  = 478 out of 730 (65.48%)
--- Session ended : 2021-08-21-150330
